Barcode,Topic 1,Topic 2,Topic 3,Topic 4,Topic 5,Topic 6,Topic 7,Topic 8to9
AAACAAGTATCTCCCA-1,0.5542,0.440645,0.000736,0.000736,0.000736,0.000736,0.000736,0.001473
AAACAATCTACTAGCA-1,0.156785,0.72259,0.000363,0.000363,0.000363,0.000363,0.118445,0.000727
AAACACCAATAACTGC-1,0.195792,0.719437,0.000344,0.000344,0.000344,0.000344,0.082706,0.000689
AAACAGAGCGACTCCT-1,0.044698,0.117406,0.025412,0.050252,0.084438,0.026543,0.186453,0.464797
AAACAGCTTTCAGAAG-1,0.321588,0.244062,0.000258,0.171038,0.051376,0.000258,0.182856,0.028565
AAACAGGGTCTATATT-1,0.346697,0.650563,0.000391,0.000391,0.000391,0.000391,0.000391,0.000783
AAACATGGTGAGAGGA-1,0.074399,0.915226,0.001482,0.001482,0.001482,0.001482,0.001482,0.002965
AAACATTTCCCGGATT-1,0.408194,0.588268,0.000505,0.000505,0.000505,0.000505,0.000505,0.001011
AAACCACTACACAGAT-1,0.03501,0.343159,0.000144,0.000144,0.000144,0.170508,0.072818,0.378074
AAACCCGAACGAAATC-1,0.019649,0.724155,0.205747,0.000035,0.000279,0.021285,0.000548,0.0283
AAACCGGAAATGTTAA-1,0.050835,0.428971,0.371622,0.030109,0.011263,0.063809,0.002256,0.041135
AAACCGGGTAGGTACC-1,0.252816,0.743847,0.00045,0.00045,0.00045,0.00045,0.000636,0.0009
AAACCGTTCGTCCAGG-1,0.007143,0.193637,0.003671,0.123602,0.128368,0.198111,0.059664,0.285805
AAACCTAAGCAGCCGG-1,0.123455,0.073956,0.001998,0.019116,0.522436,0.006776,0.173311,0.078951
AAACCTCATGAAGTTG-1,0.000426,0.73989,0.000426,0.225216,0.000426,0.032338,0.000426,0.000852
AAACGAAGAACATACC-1,0.082743,0.340855,0.027873,0.00004,0.000043,0.462784,0.003171,0.08249
AAACGAAGATGGAGTA-1,0.220525,0.696825,0.000131,0.000131,0.000131,0.000131,0.081865,0.000262
AAACGAGACGGTTGAT-1,0.000038,0.256797,0.00843,0.05215,0.074656,0.192647,0.104724,0.310557
AAACGCCCGAGATCGG-1,0.020727,0.07292,0.018687,0.104595,0.237669,0.069905,0.250567,0.22493
AAACGCTGGGCACGAC-1,0.193633,0.19839,0.549979,0.000061,0.001506,0.000061,0.056246,0.000123
AAACGGGCGTACGGGT-1,0.241011,0.757589,0.0002,0.0002,0.0002,0.0002,0.0002,0.0004
AAACGGGTTGGTATCC-1,0.059002,0.700221,0.000149,0.000149,0.000149,0.000149,0.238935,0.001243
AAACGTGTTCGCCCTA-1,0.004111,0.553015,0.057737,0.009452,0.115286,0.016925,0.0612,0.182273
AAACTAACGTGGCGAC-1,0.022747,0.08289,0.001301,0.07159,0.105904,0.121826,0.257482,0.336258
AAACTCGGTTCGCAAT-1,0.01223,0.306297,0.000135,0.003495,0.01706,0.29345,0.074875,0.292458
AAACTCGTGATATAAG-1,0.189572,0.349062,0.21413,0.002174,0.000354,0.196763,0.025124,0.022821
AAACTGCTGGCTCCAA-1,0.004423,0.128088,0.042549,0.098214,0.137239,0.052812,0.083693,0.452982
AAACTTAATTGCACGC-1,0.378466,0.618331,0.000458,0.000458,0.000458,0.000458,0.000458,0.000915
AAACTTGCAAACGTAT-1,0.000376,0.848244,0.000376,0.000376,0.000376,0.000376,0.149126,0.000751
AAAGAATGACCTTAGA-1,0.046174,0.95164,0.000312,0.000312,0.000312,0.000312,0.000312,0.000625
AAAGAATGTGGACTAA-1,0.687434,0.266529,0.000087,0.000087,0.000087,0.043506,0.002093,0.000175
AAAGACCCAAGTCGCG-1,0.188095,0.810608,0.000185,0.000185,0.000185,0.000185,0.000185,0.000371
AAAGACTGGGCGCTTT-1,0.208958,0.538071,0.000205,0.000205,0.000205,0.000205,0.251741,0.00041
AAAGCTTGCCTACATA-1,0.010931,0.387584,0.475364,0.006278,0.028589,0.007353,0.042498,0.041404
AAAGGCCCTATAATAC-1,0.544609,0.449539,0.000836,0.000836,0.000836,0.000836,0.000836,0.001672
AAAGGCTACGGACCAT-1,0.000024,0.029247,0.00806,0.270537,0.30505,0.070884,0.027667,0.28853
AAAGGCTCTCGCGCCG-1,0.03355,0.258358,0.000037,0.002788,0.078416,0.107884,0.045908,0.47306
AAAGGGATGTAGCAAG-1,0.021068,0.08442,0.000037,0.056821,0.136792,0.029925,0.082786,0.588152
AAAGGGCAGCTTGAAT-1,0.119087,0.876252,0.000666,0.000666,0.000666,0.000666,0.000666,0.001331
AAAGGTAAGCTGTACC-1,0.080831,0.141688,0.017998,0.020043,0.037504,0.085726,0.380428,0.235781
AAAGTAGCATTGCTCA-1,0.063687,0.92966,0.00095,0.00095,0.00095,0.00095,0.00095,0.001901
AAAGTCACTGATGTAA-1,0.143886,0.574238,0.000111,0.000111,0.000111,0.242377,0.000111,0.039056
AAAGTCGACCCTCAGT-1,0.100967,0.617616,0.000323,0.000323,0.000323,0.000323,0.279477,0.000646
AAAGTGCCATCAATTA-1,0.16545,0.680502,0.153796,0.000042,0.000042,0.000042,0.000042,0.000084
AAAGTGTGATTTATCT-1,0.357843,0.546673,0.000215,0.000215,0.000215,0.094196,0.000215,0.000429
AAAGTTGACTCCCGTA-1,0.42167,0.516261,0.000196,0.000196,0.000196,0.000196,0.000196,0.061088
AAATAACCATACGGGA-1,0.00409,0.097496,0.029349,0.09924,0.275432,0.118904,0.191051,0.184439
AAATAAGGTAGTGCCC-1,0.000029,0.690595,0.208264,0.010527,0.01281,0.029364,0.004333,0.044078
AAATACCTATAAGCAT-1,0.021315,0.249034,0.018736,0.041996,0.0404,0.169884,0.1399,0.318734
AAATAGCTTAGACTTT-1,0.194156,0.804299,0.000221,0.000221,0.000221,0.000221,0.000221,0.000441
AAATAGGGTGCTATTG-1,0.024981,0.2769,0.016744,0.035746,0.097691,0.117975,0.235142,0.194821
AAATCCGATACACGCC-1,0.112301,0.453217,0.000095,0.000095,0.000095,0.000095,0.433911,0.000191
AAATCGCGGAAGGAGT-1,0.287207,0.707153,0.000806,0.000806,0.000806,0.000806,0.000806,0.001611
AAATCGTGTACCACAA-1,0.053892,0.198394,0.000044,0.015922,0.071472,0.056941,0.040019,0.563315
AAATCTAGCCCTGCTA-1,0.436131,0.553208,0.001523,0.001523,0.001523,0.001523,0.001523,0.003046
AAATCTGCCCGCGTCC-1,0.068372,0.840553,0.000196,0.000196,0.000196,0.000196,0.089896,0.000393
AAATGACTGATCAAAC-1,0.043558,0.182119,0.010705,0.02894,0.097754,0.097976,0.068759,0.470189
AAATGATTCGATCAGC-1,0.025172,0.275678,0.415232,0.040638,0.180111,0.000246,0.032231,0.030691
AAATGCTCGTTACGTT-1,0.14871,0.846601,0.00067,0.00067,0.00067,0.00067,0.00067,0.00134
AAATGGCATGTCTTGT-1,0.001059,0.219155,0.001909,0.030654,0.310708,0.03763,0.068187,0.330699
AAATGGCCCGTGCCCT-1,0.210338,0.785314,0.000621,0.000621,0.000621,0.000621,0.000621,0.001242
AAATGGTCAATGTGCC-1,0.063058,0.317194,0.000077,0.000077,0.000077,0.007539,0.120458,0.491518
AAATGTATCTTATCCC-1,0.093662,0.486751,0.000214,0.000214,0.000214,0.000214,0.418305,0.000428
AAATGTGGGTGCTCCT-1,0.265787,0.429734,0.000305,0.000305,0.000305,0.283192,0.000305,0.020066
AAATTAACGGGTAGCT-1,0.00005,0.026388,0.00603,0.10032,0.105064,0.109715,0.057361,0.595072
AAATTAATAAGCGCGA-1,0.052306,0.784925,0.000332,0.000332,0.000332,0.000332,0.160778,0.000664
AAATTACACGACTCTG-1,0.00429,0.10871,0.024699,0.059408,0.086109,0.468507,0.072384,0.175893
AAATTACCTATCGATG-1,0.068575,0.232044,0.005349,0.00086,0.083067,0.153989,0.327895,0.128222
AAATTCCAGGTCCAAA-1,0.000025,0.463371,0.355016,0.056424,0.052731,0.017229,0.022101,0.033103
AAATTGATAGTCCTTT-1,0.037616,0.960759,0.000232,0.000232,0.000232,0.000232,0.000232,0.000464
AAATTGCGGCGGTTCT-1,0.12901,0.86633,0.000666,0.000666,0.000666,0.000666,0.000666,0.001331
AAATTGGTGAGAAGCA-1,0.004412,0.705043,0.032207,0.008419,0.004096,0.044397,0.00695,0.194475
AAATTTACCGAAATCC-1,0.000043,0.301517,0.004066,0.109955,0.036585,0.116308,0.054159,0.377368
AAATTTGCGGGTGTGG-1,0.178575,0.709135,0.0002,0.0002,0.0002,0.03385,0.000364,0.077474
AACAACTGGTAGTTGC-1,0.00722,0.206402,0.08223,0.041465,0.009038,0.325304,0.227893,0.100449
AACAATACATTGTCGA-1,0.055225,0.482909,0.000036,0.000036,0.052275,0.019783,0.031694,0.358041
AACAATTACTCTACGC-1,0.270149,0.726452,0.000486,0.000486,0.000486,0.000486,0.000486,0.000971
AACACACGCTCGCCGC-1,0.351223,0.272989,0.000148,0.159175,0.013797,0.007224,0.195149,0.000295
AACACGACTGTACTGA-1,0.000066,0.418053,0.000066,0.000066,0.037764,0.071996,0.097436,0.374553
AACACGAGACGCGGCC-1,0.178915,0.147815,0.000235,0.000235,0.000235,0.000235,0.671859,0.00047
AACACGCGGCCGCGAA-1,0.167886,0.827562,0.00065,0.00065,0.00065,0.00065,0.00065,0.0013
AACAGCTGTGTGGCAA-1,0.116009,0.882973,0.000145,0.000145,0.000145,0.000145,0.000145,0.000291
AACAGGAAATCGAATA-1,0.03481,0.162528,0.024126,0.079238,0.196034,0.203483,0.035049,0.264732
AACAGGTAGTATGGAT-1,0.166303,0.652978,0.180242,0.00008,0.00008,0.00008,0.00008,0.000159
AACATAGCGTGTATCG-1,0.048435,0.530392,0.000054,0.000054,0.000054,0.086889,0.09995,0.234172
AACATATCAACTGGTG-1,0.014758,0.120869,0.112062,0.135788,0.080851,0.018792,0.497055,0.019825
AACATCGATACGTCTA-1,0.012301,0.22278,0.054113,0.016794,0.044196,0.071635,0.167356,0.410824
AACATTGAAGTTGATC-1,0.243235,0.643212,0.000305,0.000305,0.000305,0.048958,0.063072,0.000609
AACATTGGTCAGCCGT-1,0.164918,0.577854,0.001112,0.001112,0.001112,0.001112,0.250557,0.002224
AACATTGTGACTCGAG-1,0.053522,0.02226,0.030625,0.172702,0.165614,0.338359,0.029071,0.187847
AACCAAGACTTCTCTG-1,0.325578,0.385485,0.000394,0.000394,0.167441,0.000394,0.000394,0.119919
AACCAGTATCACTCTT-1,0.007523,0.05381,0.002109,0.243692,0.328762,0.150603,0.106808,0.106692
AACCATAGGGTTGAAC-1,0.001059,0.991528,0.001059,0.001059,0.001059,0.001059,0.001059,0.002118
AACCATGGGATCGCTA-1,0.258524,0.739021,0.000351,0.000351,0.000351,0.000351,0.000351,0.000702
AACCCAGAGACGGAGA-1,0.167495,0.743501,0.00025,0.00025,0.00025,0.067117,0.00025,0.020887
AACCCATCCCATGATC-1,0.00095,0.992397,0.00095,0.00095,0.00095,0.00095,0.00095,0.001901
AACCCGACAACCCGTG-1,0.02527,0.174833,0.116429,0.025866,0.032819,0.121191,0.035303,0.46829
AACCCGAGCAGAATCG-1,0.836606,0.000047,0.044243,0.105964,0.000047,0.000047,0.000047,0.012998
AACCCGATAGGGCTTC-1,0.000079,0.478653,0.076781,0.02603,0.028792,0.305715,0.000079,0.08387
AACCCGCTGTATTCCA-1,0.000031,0.226492,0.002815,0.000194,0.029018,0.031301,0.208276,0.501872
AACCCTACTGTCAATA-1,0.318492,0.361698,0.000143,0.000143,0.000143,0.075725,0.194687,0.048968
AACCCTGGTGGAACCA-1,0.071622,0.138582,0.155304,0.018578,0.006487,0.340823,0.003252,0.265352
AACCGAGCTTGGTCAT-1,0.019043,0.21677,0.007924,0.035452,0.083369,0.244068,0.049224,0.344151
AACCGCTAAGGGATGC-1,0.338321,0.605861,0.000203,0.000203,0.000203,0.000203,0.054602,0.000405
AACCGTTGTGTTTGCT-1,0.000062,0.375048,0.000062,0.000062,0.010337,0.168798,0.013866,0.431765
AACCTCGCTTTAGCCC-1,0.02076,0.347403,0.006706,0.038886,0.048704,0.024009,0.451139,0.062394
AACCTGTCACGGAATT-1,0.000034,0.371248,0.442816,0.023598,0.128969,0.000055,0.003289,0.029991
AACCTTTACGACGTCT-1,0.00003,0.035885,0.066095,0.147858,0.081188,0.065286,0.050594,0.553064
AACGAAAGTCGTCCCA-1,0.001766,0.985882,0.001764,0.001764,0.001764,0.001765,0.001765,0.003529
AACGACCTCCTAGCCG-1,0.853591,0.000049,0.018868,0.127248,0.000049,0.000049,0.000049,0.000098
AACGATAATGCCGTAG-1,0.008636,0.073302,0.083918,0.122941,0.281982,0.087563,0.175967,0.165691
AACGATAGAAGGGCCG-1,0.40195,0.306739,0.000111,0.000111,0.000111,0.272959,0.000111,0.017907
AACGATATGTCAACTG-1,0.000028,0.100514,0.014403,0.163827,0.247931,0.085601,0.18119,0.206505
AACGCATGATCTGGGT-1,0.088829,0.148196,0.031968,0.05147,0.187816,0.083487,0.308665,0.099571
AACGCGAACGGCAACA-1,0.287415,0.708401,0.000598,0.000598,0.000598,0.000598,0.000598,0.001195
AACGCGGTCTCCAGCC-1,0.007905,0.052912,0.000045,0.137392,0.251697,0.043421,0.047978,0.45865
AACGCTGTTGCTGAAA-1,0.401668,0.434661,0.000247,0.000247,0.000247,0.000247,0.162192,0.000493
AACGGACGTACGTATA-1,0.20213,0.511951,0.000212,0.000212,0.000212,0.000212,0.284645,0.000424
AACGGCCATCTCCGGT-1,0.019786,0.330377,0.000054,0.026306,0.090917,0.127054,0.096824,0.308681
AACGTCAGACTAGTGG-1,0.399817,0.166387,0.000328,0.000328,0.000328,0.235043,0.000328,0.197441
AACGTCATCCGGCTTG-1,0.002418,0.000089,0.115422,0.213938,0.209879,0.055894,0.010865,0.391495
AACGTCGCTGCACTTC-1,0.936755,0.000125,0.014432,0.01924,0.000125,0.000125,0.028948,0.000249
AACGTGATGAAGGACA-1,0.017226,0.143322,0.078609,0.135028,0.119354,0.195564,0.22122,0.089677
AACGTGCGAAAGTCTC-1,0.013814,0.066498,0.092514,0.046498,0.118801,0.231734,0.145937,0.284205
AACGTTATCAGCACCT-1,0.082534,0.785311,0.000363,0.000363,0.000363,0.000363,0.129974,0.000727
AACGTTCTACCATTGT-1,0.526357,0.297857,0.064011,0.000124,0.000124,0.001682,0.021727,0.088119
AACTACCCGTTTGTCA-1,0.091737,0.570486,0.210448,0.000084,0.011987,0.015619,0.043071,0.056567
AACTAGCGTATCGCAC-1,0.303385,0.665435,0.00019,0.00019,0.00019,0.007605,0.017346,0.005659
AACTAGGCTTGGGTGT-1,0.000089,0.042247,0.000089,0.000089,0.000089,0.957133,0.000089,0.000177
AACTCAAGTTAATTGC-1,0.016072,0.233968,0.009084,0.04177,0.048808,0.15854,0.009702,0.482056
AACTCCAGAGCGTGTT-1,0.276681,0.480502,0.000164,0.000164,0.000164,0.000198,0.226011,0.016117
AACTCCTAATCCCATG-1,0.003149,0.04451,0.000531,0.1133,0.320701,0.176066,0.150604,0.19114
AACTCGATGGCGCAGT-1,0.491949,0.502531,0.000788,0.000788,0.000789,0.000789,0.000789,0.001577
AACTCTCAATAGAGCG-1,0.106001,0.282861,0.080987,0.007687,0.238384,0.093714,0.019545,0.17082
AACTCTCAGTGTGCTC-1,0.010712,0.014363,0.101557,0.105637,0.385709,0.01847,0.018552,0.345002
AACTGAGGTCAGCGTC-1,0.000056,0.15035,0.009459,0.025601,0.085455,0.46294,0.096884,0.169255
AACTGAGTTATACTGA-1,0.002291,0.456733,0.425282,0.041415,0.0237,0.016578,0.006799,0.0272
AACTGATATTAGGCCT-1,0.013473,0.21596,0.001748,0.023414,0.074031,0.177984,0.082325,0.411064
AACTGGGTCCCGACGT-1,0.000046,0.156548,0.00005,0.08851,0.026868,0.230647,0.037444,0.459887
AACTGGGTTCGAGCCG-1,0.099486,0.167208,0.000074,0.106029,0.011549,0.294866,0.220236,0.100552
AACTGGTGTGGGCCTT-1,0.126355,0.63874,0.000157,0.000157,0.000157,0.000157,0.233963,0.000314
AACTTCTGCGTCTATC-1,0.060053,0.356746,0.000145,0.012627,0.040828,0.031412,0.497898,0.000291
AACTTGCCCGTATGCA-1,0.288552,0.469416,0.000527,0.000527,0.000527,0.000527,0.23887,0.001054
AACTTGCGTTCTCGCG-1,0.198553,0.307398,0.000278,0.000278,0.000278,0.000278,0.492382,0.000556
AACTTTACGGGAGCTT-1,0.096716,0.604039,0.000181,0.000181,0.000181,0.000181,0.298159,0.000362
AACTTTAGCTGCTGAG-1,0.238789,0.461688,0.000122,0.000122,0.000122,0.000122,0.298791,0.000244
AACTTTCTCGATCATG-1,0.000056,0.512154,0.335867,0.040411,0.016644,0.049848,0.017727,0.027293
AAGAAAGTTTGATGGG-1,0.001002,0.991987,0.001002,0.001002,0.001002,0.001002,0.001002,0.002003
AAGAAATCACCAGATT-1,0.022304,0.389834,0.218159,0.169993,0.094664,0.032079,0.06571,0.007257
AAGAAGGATCAGTTAG-1,0.000576,0.995391,0.000576,0.000576,0.000576,0.000576,0.000576,0.001152
AAGACATACGTGGTTT-1,0.793972,0.000058,0.000058,0.205625,0.000058,0.000058,0.000058,0.000115
AAGACCAAATAACTCA-1,0.138543,0.860799,0.000094,0.000094,0.000094,0.000094,0.000094,0.000188
AAGACCCAACTGAACA-1,0.000021,0.219633,0.000021,0.011156,0.022787,0.033475,0.523545,0.189362
AAGACTAACCCGTTGT-1,0.071464,0.925266,0.000467,0.000467,0.000467,0.000467,0.000467,0.000934
AAGACTGCAAGCTACT-1,0.022607,0.065489,0.042963,0.095244,0.073453,0.283099,0.116053,0.301093
AAGAGATGAATCGGTA-1,0.000501,0.995993,0.000501,0.000501,0.000501,0.000501,0.000501,0.001002
AAGAGCTCTTTATCGG-1,0.104442,0.004923,0.019118,0.178969,0.190978,0.013249,0.442642,0.045678
AAGAGGATGTACGCGA-1,0.269854,0.000501,0.000501,0.000501,0.000501,0.000501,0.72664,0.001002
AAGAGGCATGGATCGC-1,0.000015,0.000015,0.01229,0.413462,0.470168,0.011364,0.016319,0.076367
AAGAGGCCCTTTGGAA-1,0.719337,0.130928,0.009216,0.09854,0.003097,0.000102,0.000102,0.038679
AAGATGGCACCGGACC-1,0.036243,0.235622,0.058541,0.039112,0.134859,0.132906,0.001081,0.361635
AAGATTGGCGGAACGT-1,0.001883,0.04297,0.011533,0.134977,0.395454,0.101807,0.098901,0.212475
AAGCACCCTGCGTATC-1,0.001797,0.267655,0.047413,0.003449,0.00568,0.082344,0.139684,0.451976
AAGCATACTCTCCTGA-1,0.000015,0.000015,0.001665,0.542652,0.335882,0.021363,0.010538,0.08787
AAGCCACTTGCAGGTA-1,0.570662,0.291433,0.00013,0.00013,0.00013,0.006688,0.021227,0.109599
AAGCCGAAGCGGTTTA-1,0.402758,0.481414,0.000282,0.000282,0.000282,0.114135,0.000282,0.000564
AAGCCGCCGTGAAATC-1,0.113545,0.280934,0.000188,0.127299,0.000188,0.000188,0.466174,0.011483
AAGCCGCTTTACCTTG-1,0.000067,0.477274,0.371349,0.023509,0.084712,0.000034,0.031645,0.011409
AAGCCGGAGAGCAGGA-1,0.061849,0.602338,0.335607,0.000034,0.000034,0.000034,0.000034,0.000068
AAGCGCAGGGCTTTGA-1,0.003358,0.041701,0.056162,0.035975,0.11795,0.149854,0.21006,0.38494
AAGCGGAGTGCGCGCA-1,0.000031,0.496577,0.32703,0.017304,0.132394,0.000031,0.011311,0.015324
AAGCGGCGTCATGGGT-1,0.003926,0.229893,0.000045,0.025765,0.141079,0.178276,0.073135,0.347881
AAGCGTCCCTCATCGA-1,0.082771,0.503391,0.000072,0.000072,0.000072,0.291852,0.000072,0.121697
AAGCTAGATCGAGTAA-1,0.013127,0.060741,0.129097,0.084613,0.103291,0.248823,0.091794,0.268514
AAGCTATGGATTGACC-1,0.235297,0.468881,0.000188,0.113246,0.000188,0.000188,0.181634,0.000377
AAGCTCGTGCCAAGTC-1,0.000016,0.000016,0.000406,0.483508,0.437008,0.01263,0.021515,0.044901
AAGCTCTTTCATGGTG-1,0.000025,0.036203,0.1784,0.271144,0.321759,0.05462,0.052278,0.085571
AAGGAGAACTTATAAG-1,0.375997,0.473375,0.000217,0.000217,0.000217,0.000217,0.000217,0.149542
AAGGAGCGGTTGGTGC-1,0.000106,0.262269,0.018702,0.018988,0.000106,0.616815,0.000106,0.082908
AAGGATCGATCGCTTG-1,0.000075,0.599432,0.323894,0.000075,0.000121,0.000075,0.000075,0.076253
AAGGATGAGGGACCTC-1,0.017046,0.321413,0.000048,0.017357,0.034389,0.083054,0.300373,0.22632
AAGGCAGGCTGTCTCC-1,0.123305,0.426801,0.268382,0.00561,0.00004,0.041475,0.134307,0.00008
AAGGCGCGTAAAGCTT-1,0.254685,0.456506,0.000288,0.000288,0.000288,0.157327,0.1185,0.012118
AAGGCTGTGCTCATCG-1,0.000036,0.00975,0.054351,0.220065,0.213414,0.000242,0.000786,0.501357
AAGGGAACGACTGGCT-1,0.178857,0.815775,0.000767,0.000767,0.000767,0.000767,0.000767,0.001534
AAGGGACAGATTCTGT-1,0.023489,0.123652,0.069843,0.128211,0.19153,0.204112,0.197668,0.061495
AAGGGACTATGCATTC-1,0.001444,0.849888,0.001444,0.001444,0.001444,0.001444,0.140003,0.002888
AAGGGTTAGCCATGCG-1,0.861214,0.000065,0.020566,0.117828,0.000065,0.000065,0.000065,0.000131
AAGGGTTTGATTTCAG-1,0.001278,0.795013,0.001278,0.001278,0.001278,0.19604,0.001278,0.002556
AAGGTATCCTAATATA-1,0.000024,0.001042,0.003672,0.334688,0.350856,0.040318,0.018783,0.250617
AAGGTGATAAACCAGC-1,0.147531,0.440196,0.000104,0.005623,0.182052,0.001663,0.203999,0.018832
AAGTAGAAGACCGGGT-1,0.118252,0.880361,0.000198,0.000198,0.000198,0.000198,0.000198,0.000396
AAGTAGTGACGCGAGG-1,0.278423,0.543948,0.000567,0.000567,0.000567,0.000567,0.000567,0.174793
AAGTCAATTGTCGTCA-1,0.088921,0.675093,0.001069,0.229571,0.001069,0.001069,0.001069,0.002138
AAGTCTAGTAGCTGCC-1,0.017521,0.768618,0.2136,0.000044,0.000044,0.000044,0.000044,0.000087
AAGTCTTCTGTGGCCT-1,0.000092,0.000092,0.000092,0.690763,0.041024,0.000092,0.26766,0.000185
AAGTGACGACCGAATT-1,0.202071,0.279754,0.000469,0.000469,0.000469,0.000469,0.51536,0.000938
AAGTGAGTCGGGTTTA-1,0.000031,0.291723,0.000031,0.010773,0.122154,0.086747,0.06293,0.425612
AAGTGCAAAGGTAGAC-1,0.126801,0.471524,0.000196,0.048091,0.035848,0.000196,0.316953,0.000392
AAGTGCCTTGACTGTA-1,0.570196,0.424909,0.000699,0.000699,0.000699,0.000699,0.000699,0.001399
AAGTGCGTTAGAATCT-1,0.194064,0.799283,0.00095,0.00095,0.00095,0.00095,0.00095,0.001901
AAGTGCTTCTCTATTG-1,0.114521,0.359146,0.056068,0.000047,0.000047,0.245379,0.013334,0.211459
AAGTGTTTGGAGACGG-1,0.016839,0.233344,0.027376,0.023062,0.380873,0.047132,0.08676,0.184613
AAGTTCACTCCAAGCT-1,0.062744,0.011463,0.050209,0.192229,0.390052,0.05593,0.140362,0.097011
AAGTTCAGTCTGCGTA-1,0.01237,0.251069,0.000048,0.021127,0.123136,0.081784,0.225272,0.285195
AAGTTCGGCCAACAGG-1,0.096439,0.810485,0.000174,0.000174,0.000174,0.000174,0.091182,0.001197
AAGTTGTGATGTTATA-1,0.712625,0.249736,0.00036,0.00036,0.00036,0.03548,0.00036,0.00072
AAGTTTACTAATGGCA-1,0.148548,0.299324,0.000169,0.000169,0.000169,0.396664,0.000169,0.15479
AAGTTTATGGGCCCAA-1,0.022314,0.052339,0.012817,0.097641,0.323761,0.135635,0.132119,0.223373
AATAACAACGCTCGGC-1,0.003178,0.974588,0.003176,0.003176,0.003176,0.003177,0.003176,0.006353
AATAACACTAGAACAA-1,0.015563,0.110571,0.031923,0.049485,0.263528,0.015086,0.020212,0.493632
AATAACGTCGCGCCCA-1,0.874977,0.000032,0.000032,0.124797,0.000032,0.000032,0.000032,0.000065
AATAAGTCCTCGAGAC-1,0.061579,0.2341,0.116819,0.000033,0.000033,0.309652,0.004444,0.27334
AATAATCTTCGTATCG-1,0.053593,0.891584,0.054572,0.000042,0.000042,0.000042,0.000042,0.000083
AATACAATGTTTCAGG-1,0.00102,0.99184,0.00102,0.00102,0.00102,0.00102,0.00102,0.00204
AATACCGGAGGGCTGT-1,0.028351,0.460039,0.000058,0.000058,0.000058,0.058617,0.08433,0.368489
AATACCTGATGTGAAC-1,0.677033,0.295078,0.00014,0.00014,0.00014,0.00014,0.00014,0.027191
AATAGAACAGAGTGGC-1,0.023068,0.255181,0.023129,0.058825,0.097851,0.013299,0.041151,0.487495
AATAGAATCTGTTTCA-1,0.106543,0.210588,0.000046,0.031746,0.396857,0.017939,0.139108,0.097174
AATAGCAAGCCTCCTG-1,0.068337,0.225239,0.00006,0.000092,0.002294,0.090206,0.428307,0.185465
AATAGCTACCGCGTGC-1,0.000039,0.209793,0.047436,0.060496,0.29992,0.023141,0.049503,0.309672
AATAGGCACGACCCTT-1,0.232745,0.765899,0.000194,0.000194,0.000194,0.000194,0.000194,0.000387
AATAGTCCGTCCCGAC-1,0.003035,0.022927,0.026621,0.143341,0.143802,0.319745,0.014339,0.326189
AATAGTCGCGAGTCGG-1,0.252897,0.66235,0.000257,0.000257,0.000257,0.000257,0.083209,0.000515
AATATCAAGGTCGGAT-1,0.334544,0.664275,0.000169,0.000169,0.000169,0.000169,0.000169,0.000337
AATATCCTAGCAAACT-1,0.126827,0.343807,0.000564,0.000564,0.127832,0.000564,0.398712,0.001129
AATATCGAATCAATGC-1,0.067521,0.38997,0.414696,0.027926,0.093261,0.000082,0.000082,0.006464
AATATCGAGGGTTCTC-1,0.047451,0.417869,0.000101,0.000101,0.005362,0.058727,0.242931,0.227458
AATATTGGAGTATTGA-1,0.074148,0.739823,0.000418,0.000418,0.000418,0.080352,0.103587,0.000836
AATCAGACTGCAGGAC-1,0.263728,0.513424,0.000231,0.000231,0.000231,0.000231,0.22146,0.000462
AATCAGGTTTCATTTA-1,0.164609,0.538015,0.00013,0.00013,0.00013,0.102024,0.049609,0.145354
AATCATGTAAAGACTC-1,0.062789,0.361978,0.000708,0.000708,0.000708,0.000708,0.570984,0.001416
AATCCAAGGGCCTGAG-1,0.201791,0.796567,0.000235,0.000235,0.000235,0.000235,0.000235,0.000469
AATCCATGCAAGGGTG-1,0.273157,0.562984,0.000317,0.000317,0.000317,0.161958,0.000317,0.000634
AATCCCGCTCAGAGCC-1,0.043341,0.200574,0.094099,0.009719,0.005208,0.398657,0.072792,0.175611
AATCGAGGTCTCAAGG-1,0.034311,0.011222,0.019386,0.243627,0.214869,0.069198,0.37732,0.030068
AATCGCCTCAGCGCCA-1,0.084175,0.130838,0.061486,0.028528,0.104199,0.315979,0.057234,0.217563
AATCGCGCAGAGGACT-1,0.000027,0.495988,0.437709,0.063088,0.00154,0.000027,0.000027,0.001592
AATCGGGACACTACGA-1,0.132127,0.309361,0.288975,0.000055,0.000055,0.077577,0.000055,0.191794
AATCGGTATAGCCCTC-1,0.965037,0.000049,0.014486,0.000049,0.000049,0.020183,0.000049,0.000098
AATCGTGAGCCGAGCA-1,0.089969,0.387915,0.000074,0.002075,0.085355,0.006839,0.293719,0.134054
AATCTAGGTTTACTTG-1,0.039596,0.956715,0.000527,0.000527,0.000527,0.000527,0.000527,0.001054
AATCTATGCCGGAGCC-1,0.022061,0.684402,0.158246,0.00006,0.009804,0.017903,0.022497,0.085027
AATCTCTACTGTGGTT-1,0.089698,0.283578,0.000855,0.000855,0.000855,0.000855,0.253169,0.370134
AATCTGCGTTGGGACG-1,0.08806,0.206854,0.04111,0.031107,0.106368,0.093357,0.106202,0.326942
AATCTGGCTTTCTAGT-1,0.270309,0.406839,0.000722,0.000722,0.000722,0.000722,0.318521,0.001444
AATCTGGGTAGACCCT-1,0.05918,0.09894,0.011291,0.159057,0.163021,0.189824,0.111082,0.207606
AATGACAGCAATGTCT-1,0.242815,0.432195,0.001039,0.001039,0.001039,0.001039,0.001039,0.319794
AATGACGTAGGATGTC-1,0.00002,0.00002,0.013164,0.334354,0.448836,0.016587,0.017433,0.169587
AATGACTGTCAGCCGG-1,0.336291,0.417392,0.000295,0.000295,0.000295,0.103152,0.024348,0.117932
AATGAGTTCGCATATG-1,0.108704,0.886491,0.000686,0.000686,0.000686,0.000686,0.000686,0.001373
AATGATGATACGCTAT-1,0.033649,0.112054,0.025302,0.173695,0.254171,0.021086,0.073788,0.306255
AATGATGCGACTCCTG-1,0.000086,0.388163,0.000086,0.000086,0.01624,0.21155,0.136545,0.247245
AATGCAACCGGGTACC-1,0.014114,0.139441,0.005188,0.04527,0.13632,0.033844,0.088851,0.536972
AATGCACCAAGCAATG-1,0.044813,0.278319,0.000044,0.01942,0.025453,0.342557,0.145278,0.144114
AATGGCCGCCAATGCG-1,0.000172,0.303317,0.000172,0.000172,0.000172,0.008132,0.078527,0.609335
AATGGTCCACCGTTCA-1,0.139009,0.854612,0.000911,0.000911,0.000911,0.000911,0.000911,0.001823
AATGTATGGCACTGTA-1,0.205353,0.78993,0.000674,0.000674,0.000674,0.000674,0.000674,0.001348
AATGTGCCCGAGGTGT-1,0.337178,0.652161,0.001523,0.001523,0.001523,0.001523,0.001523,0.003046
AATGTGCTAATCTGAG-1,0.058078,0.826102,0.000106,0.000106,0.000106,0.000106,0.000106,0.11529
AATGTTAAGACCCTGA-1,0.072112,0.338937,0.000033,0.011555,0.115877,0.047893,0.206149,0.207445
AATTAAAGGTCGGCGT-1,0.031552,0.058845,0.007932,0.035411,0.188022,0.009858,0.011322,0.657057
AATTAACGGATTTCCA-1,0.000037,0.026032,0.002387,0.214141,0.104606,0.062892,0.163899,0.426006
AATTACGAGACCCATC-1,0.063958,0.920164,0.000195,0.000195,0.000195,0.000195,0.014707,0.00039
AATTACTCGTACGCTC-1,0.128076,0.706577,0.000456,0.000456,0.000456,0.000456,0.000456,0.163068
AATTAGCGCTGCAGCG-1,0.000021,0.000021,0.031381,0.176143,0.439967,0.014137,0.003221,0.335108
AATTATACCCAGCAAG-1,0.16375,0.661885,0.000088,0.000088,0.000088,0.000088,0.141669,0.032343
AATTCATAAGGGATCT-1,0.030733,0.092057,0.008057,0.105716,0.145175,0.023656,0.159561,0.435047
AATTCATTGTCATGCA-1,0.296563,0.6812,0.003177,0.003177,0.003176,0.003177,0.003177,0.006353
AATTCCAACTTGGTGA-1,0.001309,0.91587,0.001308,0.001308,0.001308,0.001308,0.074974,0.002616
AATTCGATTCGAGGAT-1,0.021927,0.30904,0.001954,0.001869,0.026407,0.056898,0.292677,0.289228
AATTCTAGAGTTAGGC-1,0.00002,0.00002,0.022851,0.486859,0.201007,0.070758,0.054344,0.164141
AATTGAACGCTCTGGT-1,0.117674,0.405201,0.000066,0.000066,0.000142,0.25489,0.052276,0.169685
AATTGCAGCAATCGAC-1,0.700034,0.139033,0.000245,0.000245,0.000245,0.000245,0.000245,0.159709
AATTGCGTGGATTACA-1,0.149153,0.638233,0.000479,0.000479,0.000479,0.000479,0.209739,0.000959
AATTGTGGTTGCCAAA-1,0.817337,0.000033,0.072074,0.110393,0.000033,0.000033,0.000033,0.000065
AATTTGGGACATAGTA-1,0.240262,0.117061,0.002029,0.044712,0.190256,0.109823,0.157534,0.138322
AATTTGGTTCCAAAGA-1,0.070623,0.009309,0.149399,0.08703,0.113115,0.197581,0.001537,0.371406
ACAAACCATGCGTCCT-1,0.117228,0.663635,0.000393,0.000393,0.000393,0.000393,0.216779,0.000786
ACAAACTCCATCAGAG-1,0.064496,0.698594,0.000065,0.000065,0.000065,0.191794,0.000065,0.044855
ACAAAGAAGGTAGGCC-1,0.283897,0.711299,0.000686,0.000686,0.000686,0.000686,0.000686,0.001373
ACAAAGCATGACCTAG-1,0.300914,0.697532,0.000222,0.000222,0.000222,0.000222,0.000222,0.000444
ACAAATCGCACCGAAT-1,0.164643,0.415315,0.000043,0.000043,0.000043,0.152182,0.112647,0.155084
ACAAATGGTAGTGTTT-1,0.109603,0.321372,0.012171,0.062956,0.075327,0.097251,0.147143,0.174178
ACAAATTCAGATCTGA-1,0.087265,0.253093,0.024968,0.033902,0.017757,0.222805,0.027256,0.332954
ACAACAGCATGAGCTA-1,0.000021,0.014431,0.002581,0.165931,0.334808,0.088735,0.163184,0.23031
ACAACGGTCCCTGCGA-1,0.159022,0.838662,0.000331,0.000331,0.000331,0.000331,0.000331,0.000662
ACAAGCAGTGCCTAGC-1,0.147235,0.85009,0.000382,0.000382,0.000382,0.000382,0.000382,0.000764
ACAAGCTATATGGAAG-1,0.000023,0.000023,0.000023,0.9013,0.008458,0.000023,0.090104,0.000046
ACAAGGAAATCCGCCC-1,0.046895,0.226061,0.004016,0.028878,0.074876,0.19345,0.118879,0.306945
ACAAGGACAAGAGGTT-1,0.162273,0.465032,0.000207,0.000207,0.040659,0.272638,0.000207,0.058777
ACAAGGATGCTTTAGG-1,0.230998,0.575462,0.000111,0.000111,0.028169,0.005814,0.069704,0.089632
ACAAGGCCTACCAGCC-1,0.000052,0.185996,0.007234,0.062108,0.199717,0.169627,0.135318,0.239948
ACAAGGGCAGGCTCTG-1,0.037431,0.185773,0.000038,0.018274,0.071735,0.30432,0.215091,0.167337
ACAAGTAATTGTAAGG-1,0.089316,0.107773,0.000042,0.163284,0.073112,0.000042,0.565726,0.000705
ACAATAGTCGTACGTT-1,0.159042,0.185356,0.000114,0.102477,0.201708,0.000114,0.350962,0.000227
ACAATCCATTTAAACC-1,0.194906,0.800818,0.000611,0.000611,0.000611,0.000611,0.000611,0.001222
ACAATCGATCTTTATA-1,0.13413,0.275009,0.000486,0.000486,0.000486,0.587948,0.000486,0.000971
ACAATGAATACGGAGA-1,0.063932,0.577288,0.005907,0.025028,0.071044,0.005774,0.150856,0.100171
ACAATGATTCTTCTAC-1,0.025046,0.083098,0.009866,0.054756,0.135354,0.032062,0.320158,0.33966
ACAATTGTGTCTCTTT-1,0.437941,0.559165,0.000413,0.000413,0.000413,0.000413,0.000413,0.000827
ACAATTTAGGAGGCTC-1,0.000192,0.206208,0.000192,0.000192,0.000192,0.000192,0.79245,0.000383
ACAATTTGAGCAGTGG-1,0.001825,0.01877,0.092098,0.203098,0.070855,0.143876,0.359234,0.110244
ACAATTTGGCCATATT-1,0.000031,0.587596,0.386229,0.010689,0.005196,0.005166,0.000046,0.005048
ACACAAAGACGGGTGG-1,0.000054,0.373155,0.000054,0.000054,0.000054,0.087872,0.056436,0.48232
ACACAAATATTCCTAG-1,0.268217,0.372266,0.225884,0.006192,0.010297,0.046628,0.000776,0.069741
ACACACCAGGACCAGT-1,0.138918,0.426963,0.000121,0.000121,0.113115,0.033487,0.101989,0.185286
ACACACTTTCTACACG-1,0.000026,0.00022,0.03133,0.174853,0.297186,0.021901,0.017574,0.45691
ACACATGATCAAATCT-1,0.000573,0.83463,0.000573,0.000573,0.097245,0.000573,0.000573,0.065259
ACACATTGACGCAACA-1,0.26373,0.729942,0.000904,0.000904,0.000904,0.000904,0.000904,0.001808
ACACATTTCCGTAGAC-1,0.000021,0.020598,0.016782,0.13601,0.409128,0.042694,0.048692,0.326075
ACACCACATAATTAGC-1,0.028282,0.619194,0.275826,0.005656,0.0336,0.005912,0.000038,0.031493
ACACCCAGCATGCAGC-1,0.000127,0.349181,0.000127,0.000127,0.000127,0.156837,0.023622,0.469853
ACACCCGAGAAATCCG-1,0.218426,0.740865,0.000296,0.000296,0.000296,0.000297,0.000297,0.039226
ACACCGAGCGCTCTTT-1,0.001069,0.991447,0.001069,0.001069,0.001069,0.001069,0.001069,0.002138
ACACCGGTCTGACCGC-1,0.139253,0.857776,0.000424,0.000424,0.000424,0.000424,0.000424,0.000849
ACACCTTAAGTAGGGC-1,0.154582,0.463507,0.000335,0.000335,0.000335,0.379901,0.000335,0.00067
ACACCTTACTACTTGC-1,0.037846,0.684034,0.249636,0.005148,0.001582,0.011221,0.001001,0.009532
ACACGAGACTCCTTCT-1,0.004053,0.011665,0.012292,0.163286,0.111851,0.100503,0.093143,0.503207
ACACGGCACTATGCAT-1,0.000025,0.072072,0.04515,0.09289,0.28568,0.020189,0.014565,0.469429
ACACGGGAACTTAGGG-1,0.000039,0.017051,0.000039,0.15717,0.06669,0.066809,0.214806,0.477395
ACACGTAGGCCACAAG-1,0.742511,0.146449,0.000133,0.000133,0.000133,0.089747,0.000133,0.020759
ACACTCCAATGTCACT-1,0.248795,0.746832,0.000625,0.000625,0.000625,0.000625,0.000625,0.001249
ACACTGATCAAGGTGT-1,0.012767,0.304379,0.000045,0.000045,0.009545,0.118487,0.111667,0.443064
ACACTGGGACAGTCGT-1,0.844774,0.000034,0.000034,0.154991,0.000034,0.000034,0.000034,0.000067
ACAGAACTGAGAACAA-1,0.1927,0.597713,0.00049,0.00049,0.00049,0.00049,0.00049,0.207139
ACAGATTAGGTTAGTG-1,0.080568,0.283685,0.037852,0.000164,0.000164,0.099965,0.040775,0.456829
ACAGCATAGAGCCAGT-1,0.009613,0.110133,0.002208,0.002993,0.139113,0.008521,0.010991,0.716429
ACAGCGACATTCTCAT-1,0.536117,0.162917,0.000313,0.000313,0.166698,0.000313,0.000313,0.133016
ACAGCGCACCCGCAGC-1,0.00003,0.103155,0.009213,0.239177,0.270639,0.072292,0.043784,0.261709
ACAGGCACGGATCCTT-1,0.399499,0.59842,0.000297,0.000297,0.000297,0.000297,0.000297,0.000595
ACAGGCTTGCCCGACT-1,0.325452,0.433293,0.0001,0.0001,0.109669,0.0001,0.041055,0.090232
ACAGGTGGAGGTGAGG-1,0.017727,0.039959,0.19003,0.090688,0.070859,0.098174,0.269754,0.22281
ACAGGTGTGTTGTTGC-1,0.071073,0.619648,0.000251,0.070736,0.000251,0.000251,0.237287,0.000502
ACAGTAATACAACTTG-1,0.0715,0.925026,0.000496,0.000496,0.000496,0.000496,0.000496,0.000993
ACAGTATACCGTGGGA-1,0.003604,0.567554,0.294777,0.003357,0.103272,0.000055,0.000055,0.027326
ACATAAGTCGTGGTGA-1,0.002059,0.983529,0.002059,0.002059,0.002059,0.002059,0.002059,0.004118
ACATAATAAGGCGGTG-1,0.000049,0.282788,0.000049,0.003802,0.010962,0.064138,0.080168,0.558044
ACATACAATCAAGCGG-1,0.648022,0.274323,0.000072,0.000072,0.000072,0.005654,0.026968,0.044816
ACATCAGCTGGGACGC-1,0.081449,0.915152,0.000486,0.000486,0.000486,0.000486,0.000486,0.000971
ACATCCCGGCCATACG-1,0.000095,0.138638,0.111321,0.028322,0.006701,0.167514,0.003911,0.543498
ACATCCTGGTAACTGT-1,0.256559,0.339627,0.000762,0.000762,0.000762,0.399245,0.000762,0.001523
ACATCGATCGTTTACC-1,0.000031,0.000031,0.041853,0.334173,0.146447,0.032435,0.065628,0.379401
ACATCGCAATATTCGG-1,0.129743,0.867619,0.000377,0.000377,0.000377,0.000377,0.000377,0.000754
ACATCGGTCAGCCGCG-1,0.22504,0.543815,0.000205,0.000205,0.000205,0.229916,0.000205,0.00041
ACATCGTATGCAATGG-1,0.051787,0.131457,0.036746,0.095822,0.085099,0.141743,0.406262,0.051084
ACATCGTTAACCTAGT-1,0.000039,0.032244,0.065681,0.103953,0.192381,0.052547,0.137636,0.415518
ACATCTCAACGCGTAA-1,0.022409,0.116609,0.028284,0.060071,0.299681,0.019654,0.039483,0.413808
ACATGCTTACGGCAGC-1,0.649437,0.347978,0.000369,0.000369,0.000369,0.000369,0.000369,0.000739
ACATGGCGCCAAAGTA-1,0.238733,0.459461,0.006041,0.000179,0.000179,0.000179,0.035796,0.259431
ACATGGCTCAATTTAG-1,0.001171,0.766163,0.00117,0.00117,0.00117,0.00117,0.00117,0.226815
ACATTAGTTTATATCC-1,0.135105,0.374745,0.000074,0.000074,0.005683,0.239844,0.074423,0.170053
ACATTCGCGCGGAATA-1,0.500587,0.445258,0.000259,0.000259,0.000259,0.000259,0.000259,0.052863
ACATTTGAAACCTAAC-1,0.611989,0.26429,0.016025,0.000082,0.067149,0.005168,0.007212,0.028086
ACCAAACACCCAGCGA-1,0.000045,0.549666,0.030587,0.018372,0.015741,0.083806,0.079079,0.222704
ACCAAACTAGAAATCC-1,0.091031,0.476474,0.000057,0.000057,0.023731,0.217494,0.112242,0.078914
ACCAACACCACACACT-1,0.011787,0.360577,0.000052,0.092465,0.146925,0.100883,0.120314,0.166997
ACCAACCGCACTCCAC-1,0.466012,0.532578,0.000201,0.000201,0.000201,0.000201,0.000201,0.000403
ACCAAGAACGCGTGTC-1,0.162459,0.6027,0.000156,0.000156,0.000156,0.203947,0.000156,0.030269
ACCAAGTCATCGGCAG-1,0.763204,0.235672,0.00016,0.00016,0.00016,0.00016,0.00016,0.000321
ACCAATATGCAAGTTA-1,0.020022,0.109163,0.040292,0.145535,0.330637,0.041771,0.247563,0.065018
ACCACAACTCAGAACA-1,0.036242,0.304772,0.000039,0.005359,0.018626,0.100145,0.083313,0.451503
ACCACAAGTTTCTATC-1,0.035965,0.133901,0.060545,0.000762,0.057204,0.131921,0.035632,0.54407
ACCACACGGTTGATGG-1,0.050824,0.009286,0.006972,0.119825,0.327239,0.12226,0.208968,0.154627
ACCACCAATGTAACAA-1,0.186834,0.756373,0.000113,0.000113,0.000113,0.000113,0.056117,0.000225
ACCACCCTCTCTTCTA-1,0.000048,0.60569,0.257144,0.013159,0.088996,0.004341,0.022524,0.008098
ACCACGTGCAGCTATA-1,0.030345,0.095936,0.038501,0.146985,0.246292,0.262331,0.107524,0.072087
ACCACTGTTCAAGAAG-1,0.235194,0.760358,0.000635,0.000635,0.000635,0.000635,0.000635,0.001271
ACCAGACCATAACAAC-1,0.085212,0.394792,0.000094,0.16949,0.007567,0.000094,0.342561,0.000189
ACCAGCCCGGTCTTTG-1,0.067416,0.120921,0.103213,0.00865,0.050417,0.197768,0.002515,0.4491
ACCAGGAGTGTGATCT-1,0.398794,0.271007,0.000269,0.000269,0.000269,0.014134,0.000269,0.314988
ACCAGTGCCCGGTCAA-1,0.015034,0.156339,0.000046,0.00228,0.09812,0.047619,0.287315,0.393247
ACCAGTGCGGGAGACG-1,0.255859,0.201607,0.000207,0.000207,0.014321,0.059107,0.347115,0.121576
ACCATATCCGCAATAA-1,0.04334,0.238251,0.000031,0.000031,0.012623,0.261945,0.080245,0.363534
ACCATCCGCCAACTAG-1,0.205034,0.792115,0.000407,0.000407,0.000407,0.000407,0.000407,0.000815
ACCATCGTATATGGTA-1,0.028039,0.518492,0.000089,0.000089,0.000089,0.142996,0.054182,0.256024
ACCATTAAGGGTGTCA-1,0.000789,0.547549,0.000789,0.226395,0.000789,0.000789,0.221325,0.001577
ACCCAACGCCCGTGGC-1,0.012305,0.230577,0.004158,0.014451,0.0859,0.144633,0.342586,0.165391
ACCCACCTACATGCTC-1,0.114693,0.314534,0.000188,0.340864,0.045035,0.000188,0.184124,0.000376
ACCCATCTTGAGGGTA-1,0.000242,0.699397,0.000242,0.000242,0.000242,0.000242,0.023055,0.276337
ACCCATTTGTCCCTCT-1,0.648262,0.088411,0.000646,0.201896,0.058199,0.000646,0.000646,0.001293
ACCCGAGCGAAATTAC-1,0.0823,0.781007,0.000264,0.000264,0.000264,0.000264,0.057168,0.078469
ACCCGATTGGTTCCGA-1,0.11466,0.603644,0.002264,0.000073,0.000073,0.062086,0.09771,0.119492
ACCCGGAAACTCCCAG-1,0.004729,0.122074,0.080862,0.035874,0.038739,0.098604,0.391626,0.227492
ACCCGGAGCACCACAA-1,0.039367,0.394067,0.563262,0.000016,0.001298,0.001069,0.000272,0.000649
ACCCGGATGACGCATC-1,0.114476,0.749826,0.000611,0.000611,0.000611,0.132032,0.000611,0.001222
ACCCGGTTACACTTCC-1,0.049308,0.368327,0.000102,0.000102,0.000102,0.000102,0.000102,0.581856
ACCCGTAGCAGAGAAT-1,0.000912,0.992709,0.000911,0.000911,0.000911,0.000911,0.000911,0.001823
ACCCGTAGTCTAGTTG-1,0.806255,0.000049,0.037855,0.155597,0.000049,0.000049,0.000049,0.000098
ACCCGTGTCATCAGTA-1,0.036109,0.16875,0.001256,0.004837,0.002414,0.2561,0.072974,0.457561
ACCCTATAGGACTGAG-1,0.141392,0.854331,0.000611,0.000611,0.000611,0.000611,0.000611,0.001222
ACCCTATGCCATATCG-1,0.026829,0.068605,0.129733,0.027207,0.024144,0.139181,0.090546,0.493755
ACCCTCCCGTCAGGGC-1,0.591299,0.406072,0.000376,0.000376,0.000376,0.000376,0.000376,0.000751
ACCCTCCCTTGCTATT-1,0.069847,0.410689,0.000075,0.000075,0.023556,0.004014,0.255755,0.235989
ACCCTGGTAACGCCCT-1,0.000043,0.510839,0.226679,0.087536,0.174732,0.000043,0.000043,0.000086
ACCCTTCATCTGCGAA-1,0.004242,0.186127,0.00745,0.085709,0.067545,0.075447,0.116809,0.456671
ACCCTTGCCTGGGTCG-1,0.007471,0.517423,0.374252,0.014213,0.009182,0.067406,0.000411,0.009642
ACCCTTTAGTTCTCCA-1,0.000348,0.130495,0.045847,0.153362,0.097965,0.26031,0.290088,0.021585
ACCGAAAGGGCCCTGC-1,0.040946,0.6495,0.000062,0.000062,0.01321,0.005759,0.051671,0.238787
ACCGAAGAGTCTGGTT-1,0.184363,0.802666,0.001853,0.001853,0.001853,0.001853,0.001853,0.003706
ACCGACACATCTCCCA-1,0.020177,0.146806,0.005411,0.038422,0.082283,0.073707,0.127258,0.505937
ACCGACTGAGTCCCAC-1,0.000064,0.061913,0.000064,0.065129,0.031644,0.482286,0.056291,0.30261
ACCGAGTCTCCTTATT-1,0.000071,0.5329,0.000071,0.000071,0.019779,0.132137,0.156075,0.158896
ACCGATAGGCATAACC-1,0.826601,0.000029,0.055256,0.117968,0.000029,0.000029,0.000029,0.000059
ACCGATATTTAATCAT-1,0.224243,0.634754,0.131788,0.000053,0.000053,0.008952,0.000053,0.000105
ACCGATGGTAGCATCG-1,0.238553,0.335439,0.033574,0.000075,0.09061,0.205173,0.038189,0.058387
ACCGCAATAACTGCCT-1,0.059754,0.08283,0.055748,0.012582,0.307847,0.212727,0.07896,0.189553
ACCGCGGTGGAAGTCG-1,0.385109,0.56308,0.049142,0.000445,0.000445,0.000445,0.000445,0.00089
ACCGCTAGTCATTGGT-1,0.160263,0.7863,0.000217,0.000217,0.000217,0.000217,0.000217,0.052353
ACCGGGCCTTTGTTGA-1,0.411019,0.584292,0.00067,0.00067,0.00067,0.00067,0.00067,0.00134
ACCGGTCAGGTACACC-1,0.126374,0.626947,0.000494,0.000494,0.104377,0.000494,0.139832,0.000988
ACCGGTCTGAGTACGG-1,0.058829,0.003849,0.156353,0.035995,0.01843,0.504739,0.033404,0.1884
ACCGTCCACTGGGCCC-1,0.046549,0.951999,0.000207,0.000207,0.000207,0.000207,0.000207,0.000415
ACCGTGACCACGTGGG-1,0.000042,0.519387,0.000042,0.000042,0.000042,0.040081,0.017555,0.422809
ACCGTTCCCGCTCTGA-1,0.030027,0.395094,0.005094,0.08522,0.000075,0.124902,0.323677,0.035911
ACCTAAGTACCTTTCA-1,0.129936,0.202579,0.109426,0.180138,0.025462,0.351777,0.000227,0.000455
ACCTAATCGACTTCCT-1,0.388156,0.54595,0.000386,0.000386,0.000386,0.000386,0.063578,0.000772
ACCTACAGTATGTGGT-1,0.037714,0.576693,0.316126,0.00005,0.00005,0.033446,0.024329,0.011593
ACCTCAGCGAGGCGCA-1,0.639835,0.287409,0.000085,0.000085,0.004186,0.000085,0.00909,0.059225
ACCTCCGCCCTCGCTG-1,0.159831,0.327187,0.078357,0.189922,0.0199,0.091896,0.113986,0.018921
ACCTCCGTTATTCACC-1,0.000753,0.790747,0.172774,0.000052,0.000052,0.03178,0.000052,0.003789
ACCTCGAACTTATGCT-1,0.000674,0.704719,0.000674,0.000674,0.000674,0.000674,0.290564,0.001348
ACCTGCGTGTCATGTT-1,0.001135,0.990924,0.001134,0.001134,0.001134,0.001135,0.001135,0.002269
ACGAAATGGGCGGCAC-1,0.189421,0.806326,0.000608,0.000608,0.000608,0.000608,0.000608,0.001215
ACGACCCATGAGTTGC-1,0.170069,0.653912,0.155917,0.000043,0.000043,0.019886,0.000043,0.000086
ACGACTCTAGGGCCGA-1,0.434118,0.564632,0.000178,0.000178,0.000178,0.000178,0.000178,0.000357
ACGACTGGTCATACTC-1,0.000034,0.379538,0.000371,0.037095,0.137534,0.000778,0.005084,0.439565
ACGAGAACCCATCACG-1,0.196012,0.519257,0.000116,0.000116,0.000116,0.000116,0.284038,0.000231
ACGAGATATTTGCTTA-1,0.000067,0.029252,0.000067,0.295991,0.05658,0.219563,0.301046,0.097434
ACGAGGATACCACTCT-1,0.069063,0.925816,0.000731,0.000732,0.000732,0.000732,0.000732,0.001463
ACGAGGTTTACAACGT-1,0.001986,0.984116,0.001985,0.001985,0.001985,0.001986,0.001985,0.003971
ACGAGTACGGATGCCC-1,0.014974,0.481343,0.042108,0.000067,0.014624,0.149658,0.017306,0.279918
ACGAGTCGCCGGCGTT-1,0.000131,0.398495,0.000131,0.168244,0.030289,0.000131,0.402319,0.000261
ACGATACATAGAACTA-1,0.012146,0.140414,0.012827,0.099467,0.115425,0.176677,0.072846,0.370197
ACGATACCTATCCTGA-1,0.000051,0.000051,0.02152,0.474838,0.00498,0.000051,0.498408,0.000102
ACGATCATACATAGAG-1,0.000036,0.021877,0.004611,0.379155,0.060828,0.056772,0.427143,0.049578
ACGATCATCTTGTAAA-1,0.16864,0.821982,0.00134,0.00134,0.00134,0.00134,0.00134,0.002679
ACGATGCATATGTTAT-1,0.003142,0.20121,0.000092,0.066901,0.067801,0.012712,0.113465,0.534678
