Barcode,Topic 1,Topic 2,Topic 3,Topic 4to9
AAACAAGTATCTCCCA-1,0.5542,0.440645,0.000736,0.004419
AAACAATCTACTAGCA-1,0.156785,0.72259,0.000363,0.120261
AAACACCAATAACTGC-1,0.195792,0.719437,0.000344,0.084427
AAACAGAGCGACTCCT-1,0.044698,0.117406,0.025412,0.812483
AAACAGCTTTCAGAAG-1,0.321588,0.244062,0.000258,0.434092
AAACAGGGTCTATATT-1,0.346697,0.650563,0.000391,0.002349
AAACATGGTGAGAGGA-1,0.074399,0.915226,0.001482,0.008893
AAACATTTCCCGGATT-1,0.408194,0.588268,0.000505,0.003032
AAACCACTACACAGAT-1,0.03501,0.343159,0.000144,0.621688
AAACCCGAACGAAATC-1,0.019649,0.724155,0.205747,0.050448
AAACCGGAAATGTTAA-1,0.050835,0.428971,0.371622,0.148572
AAACCGGGTAGGTACC-1,0.252816,0.743847,0.00045,0.002887
AAACCGTTCGTCCAGG-1,0.007143,0.193637,0.003671,0.795549
AAACCTAAGCAGCCGG-1,0.123455,0.073956,0.001998,0.80059
AAACCTCATGAAGTTG-1,0.000426,0.73989,0.000426,0.259258
AAACGAAGAACATACC-1,0.082743,0.340855,0.027873,0.548528
AAACGAAGATGGAGTA-1,0.220525,0.696825,0.000131,0.082519
AAACGAGACGGTTGAT-1,0.000038,0.256797,0.00843,0.734734
AAACGCCCGAGATCGG-1,0.020727,0.07292,0.018687,0.887666
AAACGCTGGGCACGAC-1,0.193633,0.19839,0.549979,0.057998
AAACGGGCGTACGGGT-1,0.241011,0.757589,0.0002,0.0012
AAACGGGTTGGTATCC-1,0.059002,0.700221,0.000149,0.240627
AAACGTGTTCGCCCTA-1,0.004111,0.553015,0.057737,0.385136
AAACTAACGTGGCGAC-1,0.022747,0.08289,0.001301,0.893061
AAACTCGGTTCGCAAT-1,0.01223,0.306297,0.000135,0.681338
AAACTCGTGATATAAG-1,0.189572,0.349062,0.21413,0.247236
AAACTGCTGGCTCCAA-1,0.004423,0.128088,0.042549,0.82494
AAACTTAATTGCACGC-1,0.378466,0.618331,0.000458,0.002745
AAACTTGCAAACGTAT-1,0.000376,0.848244,0.000376,0.151005
AAAGAATGACCTTAGA-1,0.046174,0.95164,0.000312,0.001874
AAAGAATGTGGACTAA-1,0.687434,0.266529,0.000087,0.045949
AAAGACCCAAGTCGCG-1,0.188095,0.810608,0.000185,0.001112
AAAGACTGGGCGCTTT-1,0.208958,0.538071,0.000205,0.252765
AAAGCTTGCCTACATA-1,0.010931,0.387584,0.475364,0.126121
AAAGGCCCTATAATAC-1,0.544609,0.449539,0.000836,0.005016
AAAGGCTACGGACCAT-1,0.000024,0.029247,0.00806,0.962668
AAAGGCTCTCGCGCCG-1,0.03355,0.258358,0.000037,0.708055
AAAGGGATGTAGCAAG-1,0.021068,0.08442,0.000037,0.894476
AAAGGGCAGCTTGAAT-1,0.119087,0.876252,0.000666,0.003994
AAAGGTAAGCTGTACC-1,0.080831,0.141688,0.017998,0.759483
AAAGTAGCATTGCTCA-1,0.063687,0.92966,0.00095,0.005702
AAAGTCACTGATGTAA-1,0.143886,0.574238,0.000111,0.281766
AAAGTCGACCCTCAGT-1,0.100967,0.617616,0.000323,0.281093
AAAGTGCCATCAATTA-1,0.16545,0.680502,0.153796,0.000253
AAAGTGTGATTTATCT-1,0.357843,0.546673,0.000215,0.095269
AAAGTTGACTCCCGTA-1,0.42167,0.516261,0.000196,0.061873
AAATAACCATACGGGA-1,0.00409,0.097496,0.029349,0.869065
AAATAAGGTAGTGCCC-1,0.000029,0.690595,0.208264,0.101111
AAATACCTATAAGCAT-1,0.021315,0.249034,0.018736,0.710914
AAATAGCTTAGACTTT-1,0.194156,0.804299,0.000221,0.001324
AAATAGGGTGCTATTG-1,0.024981,0.2769,0.016744,0.681376
AAATCCGATACACGCC-1,0.112301,0.453217,0.000095,0.434387
AAATCGCGGAAGGAGT-1,0.287207,0.707153,0.000806,0.004834
AAATCGTGTACCACAA-1,0.053892,0.198394,0.000044,0.747669
AAATCTAGCCCTGCTA-1,0.436131,0.553208,0.001523,0.009137
AAATCTGCCCGCGTCC-1,0.068372,0.840553,0.000196,0.090879
AAATGACTGATCAAAC-1,0.043558,0.182119,0.010705,0.763618
AAATGATTCGATCAGC-1,0.025172,0.275678,0.415232,0.283918
AAATGCTCGTTACGTT-1,0.14871,0.846601,0.00067,0.004019
AAATGGCATGTCTTGT-1,0.001059,0.219155,0.001909,0.777877
AAATGGCCCGTGCCCT-1,0.210338,0.785314,0.000621,0.003727
AAATGGTCAATGTGCC-1,0.063058,0.317194,0.000077,0.61967
AAATGTATCTTATCCC-1,0.093662,0.486751,0.000214,0.419374
AAATGTGGGTGCTCCT-1,0.265787,0.429734,0.000305,0.304174
AAATTAACGGGTAGCT-1,0.00005,0.026388,0.00603,0.967532
AAATTAATAAGCGCGA-1,0.052306,0.784925,0.000332,0.162438
AAATTACACGACTCTG-1,0.00429,0.10871,0.024699,0.862301
AAATTACCTATCGATG-1,0.068575,0.232044,0.005349,0.694032
AAATTCCAGGTCCAAA-1,0.000025,0.463371,0.355016,0.181588
AAATTGATAGTCCTTT-1,0.037616,0.960759,0.000232,0.001393
AAATTGCGGCGGTTCT-1,0.12901,0.86633,0.000666,0.003994
AAATTGGTGAGAAGCA-1,0.004412,0.705043,0.032207,0.258337
AAATTTACCGAAATCC-1,0.000043,0.301517,0.004066,0.694374
AAATTTGCGGGTGTGG-1,0.178575,0.709135,0.0002,0.112089
AACAACTGGTAGTTGC-1,0.00722,0.206402,0.08223,0.704148
AACAATACATTGTCGA-1,0.055225,0.482909,0.000036,0.46183
AACAATTACTCTACGC-1,0.270149,0.726452,0.000486,0.002913
AACACACGCTCGCCGC-1,0.351223,0.272989,0.000148,0.375641
AACACGACTGTACTGA-1,0.000066,0.418053,0.000066,0.581815
AACACGAGACGCGGCC-1,0.178915,0.147815,0.000235,0.673035
AACACGCGGCCGCGAA-1,0.167886,0.827562,0.00065,0.003901
AACAGCTGTGTGGCAA-1,0.116009,0.882973,0.000145,0.000872
AACAGGAAATCGAATA-1,0.03481,0.162528,0.024126,0.778536
AACAGGTAGTATGGAT-1,0.166303,0.652978,0.180242,0.000478
AACATAGCGTGTATCG-1,0.048435,0.530392,0.000054,0.421119
AACATATCAACTGGTG-1,0.014758,0.120869,0.112062,0.752311
AACATCGATACGTCTA-1,0.012301,0.22278,0.054113,0.710806
AACATTGAAGTTGATC-1,0.243235,0.643212,0.000305,0.113249
AACATTGGTCAGCCGT-1,0.164918,0.577854,0.001112,0.256116
AACATTGTGACTCGAG-1,0.053522,0.02226,0.030625,0.893593
AACCAAGACTTCTCTG-1,0.325578,0.385485,0.000394,0.288543
AACCAGTATCACTCTT-1,0.007523,0.05381,0.002109,0.936558
AACCATAGGGTTGAAC-1,0.001059,0.991528,0.001059,0.006354
AACCATGGGATCGCTA-1,0.258524,0.739021,0.000351,0.002105
AACCCAGAGACGGAGA-1,0.167495,0.743501,0.00025,0.088754
AACCCATCCCATGATC-1,0.00095,0.992397,0.00095,0.005702
AACCCGACAACCCGTG-1,0.02527,0.174833,0.116429,0.683468
AACCCGAGCAGAATCG-1,0.836606,0.000047,0.044243,0.119103
AACCCGATAGGGCTTC-1,0.000079,0.478653,0.076781,0.444486
AACCCGCTGTATTCCA-1,0.000031,0.226492,0.002815,0.770662
AACCCTACTGTCAATA-1,0.318492,0.361698,0.000143,0.319666
AACCCTGGTGGAACCA-1,0.071622,0.138582,0.155304,0.634492
AACCGAGCTTGGTCAT-1,0.019043,0.21677,0.007924,0.756263
AACCGCTAAGGGATGC-1,0.338321,0.605861,0.000203,0.055615
AACCGTTGTGTTTGCT-1,0.000062,0.375048,0.000062,0.624828
AACCTCGCTTTAGCCC-1,0.02076,0.347403,0.006706,0.625131
AACCTGTCACGGAATT-1,0.000034,0.371248,0.442816,0.185902
AACCTTTACGACGTCT-1,0.00003,0.035885,0.066095,0.897991
AACGAAAGTCGTCCCA-1,0.001766,0.985882,0.001764,0.010588
AACGACCTCCTAGCCG-1,0.853591,0.000049,0.018868,0.127492
AACGATAATGCCGTAG-1,0.008636,0.073302,0.083918,0.834144
AACGATAGAAGGGCCG-1,0.40195,0.306739,0.000111,0.2912
AACGATATGTCAACTG-1,0.000028,0.100514,0.014403,0.885055
AACGCATGATCTGGGT-1,0.088829,0.148196,0.031968,0.731008
AACGCGAACGGCAACA-1,0.287415,0.708401,0.000598,0.003586
AACGCGGTCTCCAGCC-1,0.007905,0.052912,0.000045,0.939137
AACGCTGTTGCTGAAA-1,0.401668,0.434661,0.000247,0.163424
AACGGACGTACGTATA-1,0.20213,0.511951,0.000212,0.285706
AACGGCCATCTCCGGT-1,0.019786,0.330377,0.000054,0.649783
AACGTCAGACTAGTGG-1,0.399817,0.166387,0.000328,0.433468
AACGTCATCCGGCTTG-1,0.002418,0.000089,0.115422,0.882071
AACGTCGCTGCACTTC-1,0.936755,0.000125,0.014432,0.048688
AACGTGATGAAGGACA-1,0.017226,0.143322,0.078609,0.760843
AACGTGCGAAAGTCTC-1,0.013814,0.066498,0.092514,0.827175
AACGTTATCAGCACCT-1,0.082534,0.785311,0.000363,0.131791
AACGTTCTACCATTGT-1,0.526357,0.297857,0.064011,0.111775
AACTACCCGTTTGTCA-1,0.091737,0.570486,0.210448,0.127329
AACTAGCGTATCGCAC-1,0.303385,0.665435,0.00019,0.030989
AACTAGGCTTGGGTGT-1,0.000089,0.042247,0.000089,0.957576
AACTCAAGTTAATTGC-1,0.016072,0.233968,0.009084,0.740875
AACTCCAGAGCGTGTT-1,0.276681,0.480502,0.000164,0.242654
AACTCCTAATCCCATG-1,0.003149,0.04451,0.000531,0.951811
AACTCGATGGCGCAGT-1,0.491949,0.502531,0.000788,0.004731
AACTCTCAATAGAGCG-1,0.106001,0.282861,0.080987,0.530151
AACTCTCAGTGTGCTC-1,0.010712,0.014363,0.101557,0.873369
AACTGAGGTCAGCGTC-1,0.000056,0.15035,0.009459,0.840134
AACTGAGTTATACTGA-1,0.002291,0.456733,0.425282,0.115693
AACTGATATTAGGCCT-1,0.013473,0.21596,0.001748,0.768818
AACTGGGTCCCGACGT-1,0.000046,0.156548,0.00005,0.843356
AACTGGGTTCGAGCCG-1,0.099486,0.167208,0.000074,0.733232
AACTGGTGTGGGCCTT-1,0.126355,0.63874,0.000157,0.234748
AACTTCTGCGTCTATC-1,0.060053,0.356746,0.000145,0.583055
AACTTGCCCGTATGCA-1,0.288552,0.469416,0.000527,0.241505
AACTTGCGTTCTCGCG-1,0.198553,0.307398,0.000278,0.493772
AACTTTACGGGAGCTT-1,0.096716,0.604039,0.000181,0.299064
AACTTTAGCTGCTGAG-1,0.238789,0.461688,0.000122,0.299402
AACTTTCTCGATCATG-1,0.000056,0.512154,0.335867,0.151923
AAGAAAGTTTGATGGG-1,0.001002,0.991987,0.001002,0.00601
AAGAAATCACCAGATT-1,0.022304,0.389834,0.218159,0.369703
AAGAAGGATCAGTTAG-1,0.000576,0.995391,0.000576,0.003457
AAGACATACGTGGTTT-1,0.793972,0.000058,0.000058,0.205913
AAGACCAAATAACTCA-1,0.138543,0.860799,0.000094,0.000564
AAGACCCAACTGAACA-1,0.000021,0.219633,0.000021,0.780324
AAGACTAACCCGTTGT-1,0.071464,0.925266,0.000467,0.002803
AAGACTGCAAGCTACT-1,0.022607,0.065489,0.042963,0.868942
AAGAGATGAATCGGTA-1,0.000501,0.995993,0.000501,0.003005
AAGAGCTCTTTATCGG-1,0.104442,0.004923,0.019118,0.871517
AAGAGGATGTACGCGA-1,0.269854,0.000501,0.000501,0.729145
AAGAGGCATGGATCGC-1,0.000015,0.000015,0.01229,0.98768
AAGAGGCCCTTTGGAA-1,0.719337,0.130928,0.009216,0.140518
AAGATGGCACCGGACC-1,0.036243,0.235622,0.058541,0.669594
AAGATTGGCGGAACGT-1,0.001883,0.04297,0.011533,0.943614
AAGCACCCTGCGTATC-1,0.001797,0.267655,0.047413,0.683134
AAGCATACTCTCCTGA-1,0.000015,0.000015,0.001665,0.998306
AAGCCACTTGCAGGTA-1,0.570662,0.291433,0.00013,0.137774
AAGCCGAAGCGGTTTA-1,0.402758,0.481414,0.000282,0.115546
AAGCCGCCGTGAAATC-1,0.113545,0.280934,0.000188,0.605332
AAGCCGCTTTACCTTG-1,0.000067,0.477274,0.371349,0.151309
AAGCCGGAGAGCAGGA-1,0.061849,0.602338,0.335607,0.000205
AAGCGCAGGGCTTTGA-1,0.003358,0.041701,0.056162,0.898779
AAGCGGAGTGCGCGCA-1,0.000031,0.496577,0.32703,0.176363
AAGCGGCGTCATGGGT-1,0.003926,0.229893,0.000045,0.766137
AAGCGTCCCTCATCGA-1,0.082771,0.503391,0.000072,0.413766
AAGCTAGATCGAGTAA-1,0.013127,0.060741,0.129097,0.797036
AAGCTATGGATTGACC-1,0.235297,0.468881,0.000188,0.295634
AAGCTCGTGCCAAGTC-1,0.000016,0.000016,0.000406,0.999561
AAGCTCTTTCATGGTG-1,0.000025,0.036203,0.1784,0.785372
AAGGAGAACTTATAAG-1,0.375997,0.473375,0.000217,0.150411
AAGGAGCGGTTGGTGC-1,0.000106,0.262269,0.018702,0.718923
AAGGATCGATCGCTTG-1,0.000075,0.599432,0.323894,0.0766
AAGGATGAGGGACCTC-1,0.017046,0.321413,0.000048,0.661493
AAGGCAGGCTGTCTCC-1,0.123305,0.426801,0.268382,0.181512
AAGGCGCGTAAAGCTT-1,0.254685,0.456506,0.000288,0.288521
AAGGCTGTGCTCATCG-1,0.000036,0.00975,0.054351,0.935863
AAGGGAACGACTGGCT-1,0.178857,0.815775,0.000767,0.004601
AAGGGACAGATTCTGT-1,0.023489,0.123652,0.069843,0.783016
AAGGGACTATGCATTC-1,0.001444,0.849888,0.001444,0.147223
AAGGGTTAGCCATGCG-1,0.861214,0.000065,0.020566,0.118155
AAGGGTTTGATTTCAG-1,0.001278,0.795013,0.001278,0.202431
AAGGTATCCTAATATA-1,0.000024,0.001042,0.003672,0.995262
AAGGTGATAAACCAGC-1,0.147531,0.440196,0.000104,0.412169
AAGTAGAAGACCGGGT-1,0.118252,0.880361,0.000198,0.001189
AAGTAGTGACGCGAGG-1,0.278423,0.543948,0.000567,0.177063
AAGTCAATTGTCGTCA-1,0.088921,0.675093,0.001069,0.234917
AAGTCTAGTAGCTGCC-1,0.017521,0.768618,0.2136,0.000262
AAGTCTTCTGTGGCCT-1,0.000092,0.000092,0.000092,0.999723
AAGTGACGACCGAATT-1,0.202071,0.279754,0.000469,0.517706
AAGTGAGTCGGGTTTA-1,0.000031,0.291723,0.000031,0.708215
AAGTGCAAAGGTAGAC-1,0.126801,0.471524,0.000196,0.401479
AAGTGCCTTGACTGTA-1,0.570196,0.424909,0.000699,0.004196
AAGTGCGTTAGAATCT-1,0.194064,0.799283,0.00095,0.005702
AAGTGCTTCTCTATTG-1,0.114521,0.359146,0.056068,0.470266
AAGTGTTTGGAGACGG-1,0.016839,0.233344,0.027376,0.722441
AAGTTCACTCCAAGCT-1,0.062744,0.011463,0.050209,0.875584
AAGTTCAGTCTGCGTA-1,0.01237,0.251069,0.000048,0.736514
AAGTTCGGCCAACAGG-1,0.096439,0.810485,0.000174,0.092902
AAGTTGTGATGTTATA-1,0.712625,0.249736,0.00036,0.037279
AAGTTTACTAATGGCA-1,0.148548,0.299324,0.000169,0.551959
AAGTTTATGGGCCCAA-1,0.022314,0.052339,0.012817,0.912529
AATAACAACGCTCGGC-1,0.003178,0.974588,0.003176,0.019059
AATAACACTAGAACAA-1,0.015563,0.110571,0.031923,0.841943
AATAACGTCGCGCCCA-1,0.874977,0.000032,0.000032,0.124959
AATAAGTCCTCGAGAC-1,0.061579,0.2341,0.116819,0.587502
AATAATCTTCGTATCG-1,0.053593,0.891584,0.054572,0.00025
AATACAATGTTTCAGG-1,0.00102,0.99184,0.00102,0.00612
AATACCGGAGGGCTGT-1,0.028351,0.460039,0.000058,0.511552
AATACCTGATGTGAAC-1,0.677033,0.295078,0.00014,0.027749
AATAGAACAGAGTGGC-1,0.023068,0.255181,0.023129,0.698622
AATAGAATCTGTTTCA-1,0.106543,0.210588,0.000046,0.682824
AATAGCAAGCCTCCTG-1,0.068337,0.225239,0.00006,0.706363
AATAGCTACCGCGTGC-1,0.000039,0.209793,0.047436,0.742732
AATAGGCACGACCCTT-1,0.232745,0.765899,0.000194,0.001162
AATAGTCCGTCCCGAC-1,0.003035,0.022927,0.026621,0.947417
AATAGTCGCGAGTCGG-1,0.252897,0.66235,0.000257,0.084496
AATATCAAGGTCGGAT-1,0.334544,0.664275,0.000169,0.001012
AATATCCTAGCAAACT-1,0.126827,0.343807,0.000564,0.528802
AATATCGAATCAATGC-1,0.067521,0.38997,0.414696,0.127813
AATATCGAGGGTTCTC-1,0.047451,0.417869,0.000101,0.534579
AATATTGGAGTATTGA-1,0.074148,0.739823,0.000418,0.18561
AATCAGACTGCAGGAC-1,0.263728,0.513424,0.000231,0.222616
AATCAGGTTTCATTTA-1,0.164609,0.538015,0.00013,0.297246
AATCATGTAAAGACTC-1,0.062789,0.361978,0.000708,0.574525
AATCCAAGGGCCTGAG-1,0.201791,0.796567,0.000235,0.001407
AATCCATGCAAGGGTG-1,0.273157,0.562984,0.000317,0.163542
AATCCCGCTCAGAGCC-1,0.043341,0.200574,0.094099,0.661986
AATCGAGGTCTCAAGG-1,0.034311,0.011222,0.019386,0.935082
AATCGCCTCAGCGCCA-1,0.084175,0.130838,0.061486,0.723502
AATCGCGCAGAGGACT-1,0.000027,0.495988,0.437709,0.066275
AATCGGGACACTACGA-1,0.132127,0.309361,0.288975,0.269537
AATCGGTATAGCCCTC-1,0.965037,0.000049,0.014486,0.020428
AATCGTGAGCCGAGCA-1,0.089969,0.387915,0.000074,0.522042
AATCTAGGTTTACTTG-1,0.039596,0.956715,0.000527,0.003162
AATCTATGCCGGAGCC-1,0.022061,0.684402,0.158246,0.135291
AATCTCTACTGTGGTT-1,0.089698,0.283578,0.000855,0.625869
AATCTGCGTTGGGACG-1,0.08806,0.206854,0.04111,0.663975
AATCTGGCTTTCTAGT-1,0.270309,0.406839,0.000722,0.322131
AATCTGGGTAGACCCT-1,0.05918,0.09894,0.011291,0.830589
AATGACAGCAATGTCT-1,0.242815,0.432195,0.001039,0.323951
AATGACGTAGGATGTC-1,0.00002,0.00002,0.013164,0.986797
AATGACTGTCAGCCGG-1,0.336291,0.417392,0.000295,0.246021
AATGAGTTCGCATATG-1,0.108704,0.886491,0.000686,0.004118
AATGATGATACGCTAT-1,0.033649,0.112054,0.025302,0.828995
AATGATGCGACTCCTG-1,0.000086,0.388163,0.000086,0.611666
AATGCAACCGGGTACC-1,0.014114,0.139441,0.005188,0.841257
AATGCACCAAGCAATG-1,0.044813,0.278319,0.000044,0.676823
AATGGCCGCCAATGCG-1,0.000172,0.303317,0.000172,0.696339
AATGGTCCACCGTTCA-1,0.139009,0.854612,0.000911,0.005468
AATGTATGGCACTGTA-1,0.205353,0.78993,0.000674,0.004043
AATGTGCCCGAGGTGT-1,0.337178,0.652161,0.001523,0.009138
AATGTGCTAATCTGAG-1,0.058078,0.826102,0.000106,0.115714
AATGTTAAGACCCTGA-1,0.072112,0.338937,0.000033,0.588919
AATTAAAGGTCGGCGT-1,0.031552,0.058845,0.007932,0.901671
AATTAACGGATTTCCA-1,0.000037,0.026032,0.002387,0.971544
AATTACGAGACCCATC-1,0.063958,0.920164,0.000195,0.015682
AATTACTCGTACGCTC-1,0.128076,0.706577,0.000456,0.164891
AATTAGCGCTGCAGCG-1,0.000021,0.000021,0.031381,0.968576
AATTATACCCAGCAAG-1,0.16375,0.661885,0.000088,0.174277
AATTCATAAGGGATCT-1,0.030733,0.092057,0.008057,0.869154
AATTCATTGTCATGCA-1,0.296563,0.6812,0.003177,0.01906
AATTCCAACTTGGTGA-1,0.001309,0.91587,0.001308,0.081514
AATTCGATTCGAGGAT-1,0.021927,0.30904,0.001954,0.667078
AATTCTAGAGTTAGGC-1,0.00002,0.00002,0.022851,0.977108
AATTGAACGCTCTGGT-1,0.117674,0.405201,0.000066,0.477059
AATTGCAGCAATCGAC-1,0.700034,0.139033,0.000245,0.160689
AATTGCGTGGATTACA-1,0.149153,0.638233,0.000479,0.212135
AATTGTGGTTGCCAAA-1,0.817337,0.000033,0.072074,0.110556
AATTTGGGACATAGTA-1,0.240262,0.117061,0.002029,0.640648
AATTTGGTTCCAAAGA-1,0.070623,0.009309,0.149399,0.770669
ACAAACCATGCGTCCT-1,0.117228,0.663635,0.000393,0.218744
ACAAACTCCATCAGAG-1,0.064496,0.698594,0.000065,0.236845
ACAAAGAAGGTAGGCC-1,0.283897,0.711299,0.000686,0.004118
ACAAAGCATGACCTAG-1,0.300914,0.697532,0.000222,0.001332
ACAAATCGCACCGAAT-1,0.164643,0.415315,0.000043,0.419999
ACAAATGGTAGTGTTT-1,0.109603,0.321372,0.012171,0.556855
ACAAATTCAGATCTGA-1,0.087265,0.253093,0.024968,0.634674
ACAACAGCATGAGCTA-1,0.000021,0.014431,0.002581,0.982967
ACAACGGTCCCTGCGA-1,0.159022,0.838662,0.000331,0.001986
ACAAGCAGTGCCTAGC-1,0.147235,0.85009,0.000382,0.002293
ACAAGCTATATGGAAG-1,0.000023,0.000023,0.000023,0.99993
ACAAGGAAATCCGCCC-1,0.046895,0.226061,0.004016,0.723028
ACAAGGACAAGAGGTT-1,0.162273,0.465032,0.000207,0.372488
ACAAGGATGCTTTAGG-1,0.230998,0.575462,0.000111,0.193429
ACAAGGCCTACCAGCC-1,0.000052,0.185996,0.007234,0.806718
ACAAGGGCAGGCTCTG-1,0.037431,0.185773,0.000038,0.776758
ACAAGTAATTGTAAGG-1,0.089316,0.107773,0.000042,0.802869
ACAATAGTCGTACGTT-1,0.159042,0.185356,0.000114,0.655488
ACAATCCATTTAAACC-1,0.194906,0.800818,0.000611,0.003666
ACAATCGATCTTTATA-1,0.13413,0.275009,0.000486,0.590376
ACAATGAATACGGAGA-1,0.063932,0.577288,0.005907,0.352873
ACAATGATTCTTCTAC-1,0.025046,0.083098,0.009866,0.88199
ACAATTGTGTCTCTTT-1,0.437941,0.559165,0.000413,0.00248
ACAATTTAGGAGGCTC-1,0.000192,0.206208,0.000192,0.793409
ACAATTTGAGCAGTGG-1,0.001825,0.01877,0.092098,0.887307
ACAATTTGGCCATATT-1,0.000031,0.587596,0.386229,0.026144
ACACAAAGACGGGTGG-1,0.000054,0.373155,0.000054,0.626737
ACACAAATATTCCTAG-1,0.268217,0.372266,0.225884,0.133633
ACACACCAGGACCAGT-1,0.138918,0.426963,0.000121,0.433998
ACACACTTTCTACACG-1,0.000026,0.00022,0.03133,0.968424
ACACATGATCAAATCT-1,0.000573,0.83463,0.000573,0.164223
ACACATTGACGCAACA-1,0.26373,0.729942,0.000904,0.005424
ACACATTTCCGTAGAC-1,0.000021,0.020598,0.016782,0.962598
ACACCACATAATTAGC-1,0.028282,0.619194,0.275826,0.076698
ACACCCAGCATGCAGC-1,0.000127,0.349181,0.000127,0.650566
ACACCCGAGAAATCCG-1,0.218426,0.740865,0.000296,0.040412
ACACCGAGCGCTCTTT-1,0.001069,0.991447,0.001069,0.006414
ACACCGGTCTGACCGC-1,0.139253,0.857776,0.000424,0.002546
ACACCTTAAGTAGGGC-1,0.154582,0.463507,0.000335,0.381576
ACACCTTACTACTTGC-1,0.037846,0.684034,0.249636,0.028485
ACACGAGACTCCTTCT-1,0.004053,0.011665,0.012292,0.97199
ACACGGCACTATGCAT-1,0.000025,0.072072,0.04515,0.882753
ACACGGGAACTTAGGG-1,0.000039,0.017051,0.000039,0.982871
ACACGTAGGCCACAAG-1,0.742511,0.146449,0.000133,0.110906
ACACTCCAATGTCACT-1,0.248795,0.746832,0.000625,0.003748
ACACTGATCAAGGTGT-1,0.012767,0.304379,0.000045,0.682809
ACACTGGGACAGTCGT-1,0.844774,0.000034,0.000034,0.155159
ACAGAACTGAGAACAA-1,0.1927,0.597713,0.00049,0.209098
ACAGATTAGGTTAGTG-1,0.080568,0.283685,0.037852,0.597896
ACAGCATAGAGCCAGT-1,0.009613,0.110133,0.002208,0.878047
ACAGCGACATTCTCAT-1,0.536117,0.162917,0.000313,0.300654
ACAGCGCACCCGCAGC-1,0.00003,0.103155,0.009213,0.887602
ACAGGCACGGATCCTT-1,0.399499,0.59842,0.000297,0.001784
ACAGGCTTGCCCGACT-1,0.325452,0.433293,0.0001,0.241155
ACAGGTGGAGGTGAGG-1,0.017727,0.039959,0.19003,0.752284
ACAGGTGTGTTGTTGC-1,0.071073,0.619648,0.000251,0.309027
ACAGTAATACAACTTG-1,0.0715,0.925026,0.000496,0.002978
ACAGTATACCGTGGGA-1,0.003604,0.567554,0.294777,0.134065
ACATAAGTCGTGGTGA-1,0.002059,0.983529,0.002059,0.012353
ACATAATAAGGCGGTG-1,0.000049,0.282788,0.000049,0.717113
ACATACAATCAAGCGG-1,0.648022,0.274323,0.000072,0.077582
ACATCAGCTGGGACGC-1,0.081449,0.915152,0.000486,0.002913
ACATCCCGGCCATACG-1,0.000095,0.138638,0.111321,0.749946
ACATCCTGGTAACTGT-1,0.256559,0.339627,0.000762,0.403053
ACATCGATCGTTTACC-1,0.000031,0.000031,0.041853,0.958084
ACATCGCAATATTCGG-1,0.129743,0.867619,0.000377,0.002261
ACATCGGTCAGCCGCG-1,0.22504,0.543815,0.000205,0.23094
ACATCGTATGCAATGG-1,0.051787,0.131457,0.036746,0.78001
ACATCGTTAACCTAGT-1,0.000039,0.032244,0.065681,0.902035
ACATCTCAACGCGTAA-1,0.022409,0.116609,0.028284,0.832698
ACATGCTTACGGCAGC-1,0.649437,0.347978,0.000369,0.002216
ACATGGCGCCAAAGTA-1,0.238733,0.459461,0.006041,0.295765
ACATGGCTCAATTTAG-1,0.001171,0.766163,0.00117,0.231496
ACATTAGTTTATATCC-1,0.135105,0.374745,0.000074,0.490077
ACATTCGCGCGGAATA-1,0.500587,0.445258,0.000259,0.053897
ACATTTGAAACCTAAC-1,0.611989,0.26429,0.016025,0.107697
ACCAAACACCCAGCGA-1,0.000045,0.549666,0.030587,0.419702
ACCAAACTAGAAATCC-1,0.091031,0.476474,0.000057,0.432439
ACCAACACCACACACT-1,0.011787,0.360577,0.000052,0.627583
ACCAACCGCACTCCAC-1,0.466012,0.532578,0.000201,0.001209
ACCAAGAACGCGTGTC-1,0.162459,0.6027,0.000156,0.234685
ACCAAGTCATCGGCAG-1,0.763204,0.235672,0.00016,0.000963
ACCAATATGCAAGTTA-1,0.020022,0.109163,0.040292,0.830523
ACCACAACTCAGAACA-1,0.036242,0.304772,0.000039,0.658947
ACCACAAGTTTCTATC-1,0.035965,0.133901,0.060545,0.769589
ACCACACGGTTGATGG-1,0.050824,0.009286,0.006972,0.932919
ACCACCAATGTAACAA-1,0.186834,0.756373,0.000113,0.05668
ACCACCCTCTCTTCTA-1,0.000048,0.60569,0.257144,0.137117
ACCACGTGCAGCTATA-1,0.030345,0.095936,0.038501,0.835218
ACCACTGTTCAAGAAG-1,0.235194,0.760358,0.000635,0.003812
ACCAGACCATAACAAC-1,0.085212,0.394792,0.000094,0.519901
ACCAGCCCGGTCTTTG-1,0.067416,0.120921,0.103213,0.70845
ACCAGGAGTGTGATCT-1,0.398794,0.271007,0.000269,0.32993
ACCAGTGCCCGGTCAA-1,0.015034,0.156339,0.000046,0.82858
ACCAGTGCGGGAGACG-1,0.255859,0.201607,0.000207,0.542327
ACCATATCCGCAATAA-1,0.04334,0.238251,0.000031,0.718378
ACCATCCGCCAACTAG-1,0.205034,0.792115,0.000407,0.002444
ACCATCGTATATGGTA-1,0.028039,0.518492,0.000089,0.45338
ACCATTAAGGGTGTCA-1,0.000789,0.547549,0.000789,0.450874
ACCCAACGCCCGTGGC-1,0.012305,0.230577,0.004158,0.75296
ACCCACCTACATGCTC-1,0.114693,0.314534,0.000188,0.570585
ACCCATCTTGAGGGTA-1,0.000242,0.699397,0.000242,0.300119
ACCCATTTGTCCCTCT-1,0.648262,0.088411,0.000646,0.26268
ACCCGAGCGAAATTAC-1,0.0823,0.781007,0.000264,0.136429
ACCCGATTGGTTCCGA-1,0.11466,0.603644,0.002264,0.279433
ACCCGGAAACTCCCAG-1,0.004729,0.122074,0.080862,0.792336
ACCCGGAGCACCACAA-1,0.039367,0.394067,0.563262,0.003304
ACCCGGATGACGCATC-1,0.114476,0.749826,0.000611,0.135086
ACCCGGTTACACTTCC-1,0.049308,0.368327,0.000102,0.582263
ACCCGTAGCAGAGAAT-1,0.000912,0.992709,0.000911,0.005468
ACCCGTAGTCTAGTTG-1,0.806255,0.000049,0.037855,0.155841
ACCCGTGTCATCAGTA-1,0.036109,0.16875,0.001256,0.793885
ACCCTATAGGACTGAG-1,0.141392,0.854331,0.000611,0.003666
ACCCTATGCCATATCG-1,0.026829,0.068605,0.129733,0.774832
ACCCTCCCGTCAGGGC-1,0.591299,0.406072,0.000376,0.002254
ACCCTCCCTTGCTATT-1,0.069847,0.410689,0.000075,0.519389
ACCCTGGTAACGCCCT-1,0.000043,0.510839,0.226679,0.262439
ACCCTTCATCTGCGAA-1,0.004242,0.186127,0.00745,0.802182
ACCCTTGCCTGGGTCG-1,0.007471,0.517423,0.374252,0.100854
ACCCTTTAGTTCTCCA-1,0.000348,0.130495,0.045847,0.82331
ACCGAAAGGGCCCTGC-1,0.040946,0.6495,0.000062,0.309491
ACCGAAGAGTCTGGTT-1,0.184363,0.802666,0.001853,0.011118
ACCGACACATCTCCCA-1,0.020177,0.146806,0.005411,0.827606
ACCGACTGAGTCCCAC-1,0.000064,0.061913,0.000064,0.937959
ACCGAGTCTCCTTATT-1,0.000071,0.5329,0.000071,0.466958
ACCGATAGGCATAACC-1,0.826601,0.000029,0.055256,0.118114
ACCGATATTTAATCAT-1,0.224243,0.634754,0.131788,0.009215
ACCGATGGTAGCATCG-1,0.238553,0.335439,0.033574,0.392434
ACCGCAATAACTGCCT-1,0.059754,0.08283,0.055748,0.801668
ACCGCGGTGGAAGTCG-1,0.385109,0.56308,0.049142,0.002669
ACCGCTAGTCATTGGT-1,0.160263,0.7863,0.000217,0.05322
ACCGGGCCTTTGTTGA-1,0.411019,0.584292,0.00067,0.004019
ACCGGTCAGGTACACC-1,0.126374,0.626947,0.000494,0.246185
ACCGGTCTGAGTACGG-1,0.058829,0.003849,0.156353,0.780969
ACCGTCCACTGGGCCC-1,0.046549,0.951999,0.000207,0.001245
ACCGTGACCACGTGGG-1,0.000042,0.519387,0.000042,0.480529
ACCGTTCCCGCTCTGA-1,0.030027,0.395094,0.005094,0.569785
ACCTAAGTACCTTTCA-1,0.129936,0.202579,0.109426,0.558059
ACCTAATCGACTTCCT-1,0.388156,0.54595,0.000386,0.065508
ACCTACAGTATGTGGT-1,0.037714,0.576693,0.316126,0.069468
ACCTCAGCGAGGCGCA-1,0.639835,0.287409,0.000085,0.072671
ACCTCCGCCCTCGCTG-1,0.159831,0.327187,0.078357,0.434626
ACCTCCGTTATTCACC-1,0.000753,0.790747,0.172774,0.035725
ACCTCGAACTTATGCT-1,0.000674,0.704719,0.000674,0.293933
ACCTGCGTGTCATGTT-1,0.001135,0.990924,0.001134,0.006807
ACGAAATGGGCGGCAC-1,0.189421,0.806326,0.000608,0.003645
ACGACCCATGAGTTGC-1,0.170069,0.653912,0.155917,0.020102
ACGACTCTAGGGCCGA-1,0.434118,0.564632,0.000178,0.001071
ACGACTGGTCATACTC-1,0.000034,0.379538,0.000371,0.620056
ACGAGAACCCATCACG-1,0.196012,0.519257,0.000116,0.284616
ACGAGATATTTGCTTA-1,0.000067,0.029252,0.000067,0.970614
ACGAGGATACCACTCT-1,0.069063,0.925816,0.000731,0.004389
ACGAGGTTTACAACGT-1,0.001986,0.984116,0.001985,0.011913
ACGAGTACGGATGCCC-1,0.014974,0.481343,0.042108,0.461574
ACGAGTCGCCGGCGTT-1,0.000131,0.398495,0.000131,0.601244
ACGATACATAGAACTA-1,0.012146,0.140414,0.012827,0.834612
ACGATACCTATCCTGA-1,0.000051,0.000051,0.02152,0.978379
ACGATCATACATAGAG-1,0.000036,0.021877,0.004611,0.973477
ACGATCATCTTGTAAA-1,0.16864,0.821982,0.00134,0.008038
ACGATGCATATGTTAT-1,0.003142,0.20121,0.000092,0.795556
ACGATGGATCCGATGC-1,0.054416,0.269885,0.087654,0.588044
ACGCAAACTAATAGAT-1,0.003541,0.185156,0.064365,0.746939
ACGCAATCACTACAGC-1,0.233118,0.669352,0.000438,0.097092
ACGCATAAATGACATG-1,0.000028,0.079381,0.01251,0.908081
ACGCATACGTTTACTA-1,0.814108,0.178817,0.001011,0.006065
ACGCATTCGTGAGTAC-1,0.013735,0.065937,0.000057,0.920271
ACGCCACTCGAAACAG-1,0.037071,0.290625,0.004105,0.668199
ACGCCAGATGATTTCT-1,0.000039,0.135871,0.002365,0.861725
ACGCCAGTGCGTTTGC-1,0.506737,0.491668,0.000228,0.001367
ACGCCCAGCTGTCGAT-1,0.061977,0.498831,0.007082,0.432109
ACGCCGCTAGACGACC-1,0.000035,0.049436,0.048211,0.902318
ACGCGAAGTCAGACGA-1,0.005261,0.018942,0.013549,0.962248
ACGCGCTACACAGGGT-1,0.152191,0.843034,0.000682,0.004093
ACGCGGGCCAAGGACA-1,0.000011,0.000011,0.000011,0.999968
ACGCGTTTCTTAAGAG-1,0.081517,0.878723,0.000392,0.039368
ACGCTACTGAATGGGC-1,0.998979,0.000128,0.000128,0.000766
ACGCTAGTGATACACT-1,0.022936,0.307597,0.049765,0.619702
ACGCTGTGAGGCGTAG-1,0.000686,0.994509,0.000686,0.004118
ACGCTTAGTGTCTCTC-1,0.069136,0.386215,0.000059,0.544589
ACGGAACACGAGTGCC-1,0.823204,0.175975,0.000117,0.000705
ACGGAATTTAGCAAAT-1,0.12687,0.663266,0.000473,0.209391
ACGGACGCAGCGACAA-1,0.384526,0.611871,0.000515,0.003088
ACGGACTCTCAAAGCG-1,0.017187,0.114531,0.01979,0.848492
ACGGAGCGCAAATTAC-1,0.001636,0.129997,0.01238,0.855987
ACGGATGGTGCGGATA-1,0.130011,0.124318,0.008241,0.73743
ACGGCACTTGCTTGGG-1,0.008225,0.286481,0.00006,0.705234
ACGGCCAACATGGACT-1,0.004015,0.136843,0.085158,0.773984
ACGGCGACGATGGGAA-1,0.068749,0.203064,0.000027,0.72816
ACGGCGGGTTGCCCTG-1,0.224784,0.771772,0.000492,0.002952
ACGGCTGGATGTAGAA-1,0.319482,0.672495,0.001146,0.006877
ACGGGAGTGTCGGCCC-1,0.105572,0.489028,0.00029,0.405109
ACGGGCGTATGCGACA-1,0.000085,0.680761,0.089271,0.229884
ACGGGTCATGTGACTT-1,0.185255,0.813004,0.000249,0.001492
ACGGGTTGTGACCTGT-1,0.205578,0.792012,0.000344,0.002065
ACGGTACAGTTCAATG-1,0.457107,0.54112,0.000253,0.00152
ACGGTCACCGAGAACA-1,0.001112,0.991105,0.001112,0.006671
ACGTACAGATTTCTCT-1,0.010382,0.217959,0.000065,0.771594
ACGTACTTTGGCACGG-1,0.206077,0.646179,0.000235,0.147508
ACGTAGATTGCTGATG-1,0.000054,0.138871,0.000054,0.861021
ACGTAGGAGAGTCGCT-1,0.008459,0.348652,0.000046,0.642843
ACGTATTACTCCGATC-1,0.492018,0.430481,0.00052,0.076981
ACGTCGGGCAACTCGG-1,0.127051,0.871829,0.00016,0.00096
ACGTCTCGTTCCGGGA-1,0.102239,0.100764,0.00015,0.796846
ACGTGACAAAGTAAGT-1,0.00103,0.991764,0.001029,0.006177
ACGTGCGCCTCGTGCA-1,0.000033,0.000033,0.006461,0.993474
ACGTTAATGTCGAAGA-1,0.000025,0.057243,0.001065,0.941668
ACGTTAGATTTGCCCG-1,0.380628,0.342006,0.000226,0.27714
ACGTTATTGGTCACTC-1,0.11289,0.706631,0.000248,0.180231
ACGTTCACTATGCCGC-1,0.2314,0.271605,0.194488,0.302508
ACGTTCCGCGCTCCGT-1,0.126927,0.420221,0.000198,0.452654
ACGTTCGCAATCAATT-1,0.000036,0.771492,0.118471,0.110001
ACGTTCGTTCAGGAAA-1,0.000106,0.332965,0.000106,0.666823
ACGTTCTGTACAAGTC-1,0.148899,0.527128,0.000224,0.323749
ACGTTGTCGTTGAAAG-1,0.154139,0.71603,0.000247,0.129583
ACGTTTAGTTGTGATC-1,0.023412,0.047735,0.066208,0.862645
ACGTTTCGGTGCACTT-1,0.84831,0.000105,0.000105,0.15148
ACTAAGGACGCACACC-1,0.011201,0.834328,0.111448,0.043024
ACTAATACGTCAGGCG-1,0.02386,0.111699,0.016671,0.84777
ACTACATCCCGACAAG-1,0.149877,0.393023,0.000335,0.456765
ACTACCAGCTCTCTGG-1,0.082416,0.425842,0.000496,0.491245
ACTACCATCCGAGGGC-1,0.368649,0.629476,0.000268,0.001608
ACTAGTTGCGATCGTC-1,0.803965,0.191402,0.000662,0.003971
ACTATATGCTGTGTTC-1,0.075141,0.022868,0.095404,0.806587
ACTATCCAGGGCATGG-1,0.107405,0.744153,0.099498,0.048944
ACTATCGCCGGCTAAA-1,0.000343,0.820325,0.000343,0.178989
ACTATCTGCCCGCGTA-1,0.583793,0.265019,0.150678,0.00051
ACTATGTCCAGCTGCC-1,0.138977,0.856334,0.00067,0.004019
ACTATTCGTCCGTGGT-1,0.000071,0.085666,0.000071,0.914193
ACTATTTCCGGGCCCA-1,0.011838,0.320471,0.072225,0.595467
ACTCAACGAATGTATT-1,0.164044,0.833052,0.000415,0.002489
ACTCAAGTGCAAGGCT-1,0.229007,0.453497,0.01591,0.301587
ACTCAATAAAGGCACG-1,0.000018,0.006198,0.010888,0.982895
ACTCAGACCTGCTTCT-1,0.22398,0.773809,0.000316,0.001895
ACTCATGGCAGCCTTC-1,0.360239,0.617094,0.000383,0.022284
ACTCCAATATCATCAT-1,0.239843,0.432002,0.000132,0.328024
ACTCCCATTCCTAAAG-1,0.00089,0.992884,0.000889,0.005337
ACTCCCGAATTCGTTT-1,0.024392,0.116937,0.115723,0.742947
ACTCCCGTAGACTAGG-1,0.000026,0.386116,0.407348,0.206509
ACTCCCTAATGCTAAA-1,0.01131,0.044922,0.02446,0.919308
ACTCCCTAGAATAGTA-1,0.011866,0.060546,0.115073,0.812514
ACTCCGGCCGACCACT-1,0.256316,0.555257,0.000143,0.188284
ACTCGATGTATTTCAT-1,0.380337,0.616823,0.000406,0.002435
ACTCGCCGTTCGATAA-1,0.854636,0.00005,0.018116,0.127198
ACTCGCGATCTGACGC-1,0.000024,0.597533,0.371217,0.031225
ACTCGTAACCCGTCCT-1,0.244246,0.23908,0.000632,0.516042
ACTCGTCAGTAATCCC-1,0.06781,0.169562,0.026061,0.736567
ACTCTAAACCTGGGAT-1,0.063075,0.5464,0.000282,0.390244
ACTCTCTGACTTAGGT-1,0.036298,0.191339,0.00006,0.772302
ACTCTCTTATACACGA-1,0.000029,0.053605,0.013897,0.93247
ACTCTGACCTAATAGA-1,0.37234,0.571053,0.000214,0.056392
ACTCTTCAGCTCCCGC-1,0.000023,0.49212,0.417828,0.090029
ACTCTTGTATAGTAAC-1,0.021227,0.152264,0.002487,0.824022
ACTGAAACGCCGTTAG-1,0.464666,0.486636,0.000173,0.048525
ACTGAATGGCGAAAGT-1,0.002941,0.025843,0.0486,0.922616
ACTGATTTAGTGATTC-1,0.000466,0.321058,0.000055,0.678421
ACTGCCCGCCATTCTC-1,0.324085,0.317073,0.015125,0.343717
ACTGCCGTCGTAACTC-1,0.021232,0.188974,0.000045,0.78975
ACTGCGGACACACCGT-1,0.036097,0.369655,0.536768,0.05748
ACTGCTCGGAAGGATG-1,0.279097,0.711747,0.001308,0.007848
ACTGGCGAACCTGCGT-1,0.000016,0.420655,0.368873,0.210456
ACTGGGATGCCAGTGC-1,0.000547,0.002561,0.349796,0.647096
ACTGTACGATACACAT-1,0.005174,0.00002,0.021401,0.973406
ACTGTAGCACTTTGGA-1,0.087185,0.720996,0.000245,0.191574
ACTGTATACGCGAGCA-1,0.184617,0.553394,0.000221,0.261769
ACTGTCCAGGATTATA-1,0.058413,0.024024,0.033971,0.883592
ACTGTCTTCTTTAGAA-1,0.000048,0.002796,0.000048,0.997107
ACTGTGCTAGTAGATC-1,0.339689,0.65716,0.00045,0.002701
ACTGTTTAGTGTAGGC-1,0.033298,0.963031,0.000524,0.003147
ACTTACCGGGCGCGCA-1,0.026886,0.10582,0.000036,0.867257
ACTTACGCATCCACGC-1,0.117136,0.082454,0.060125,0.740285
ACTTAGTACGACAAGA-1,0.219809,0.718219,0.000213,0.061759
ACTTATACTTACCCGG-1,0.135592,0.280804,0.000083,0.583521
ACTTATTTATGTGCCA-1,0.135069,0.299076,0.000136,0.565719
ACTTCAGGCTGATCCC-1,0.064096,0.230106,0.00694,0.698858
ACTTCCAGTGGAAGCT-1,0.229511,0.766116,0.000625,0.003748
ACTTCCATGCGGGACA-1,0.159574,0.189509,0.000053,0.650863
ACTTCGCCATACGCAC-1,0.001184,0.000692,0.005836,0.992288
ACTTCGCTAGCGAGTG-1,0.001572,0.450689,0.411967,0.135771
ACTTGACTCCCTCTTT-1,0.018849,0.048795,0.013421,0.918935
ACTTGCCATATTGTAC-1,0.319753,0.344232,0.000265,0.335749
ACTTGCTCTATCTACC-1,0.127351,0.870276,0.000339,0.002034
ACTTGGGCTTTCGCCA-1,0.023389,0.062461,0.036793,0.877358
ACTTGTAGTCCCTTCA-1,0.000051,0.000425,0.000051,0.999474
ACTTGTGGATGGAACG-1,0.44447,0.391381,0.000194,0.163954
ACTTGTTACCGGATCA-1,0.000017,0.004483,0.01799,0.97751
ACTTTACCCTCATGAA-1,0.187883,0.772309,0.000247,0.039561
ACTTTATACACCACTT-1,0.000942,0.849453,0.000942,0.148663
ACTTTCCTATAGCTTC-1,0.000027,0.000027,0.008588,0.991357
ACTTTGACTGCATCCT-1,0.0008,0.9936,0.0008,0.0048
ACTTTGGTCGTGCTCC-1,0.001545,0.987647,0.001544,0.009264
ACTTTGTCGACGCACT-1,0.198943,0.320315,0.437316,0.043425
AGAAATTATGACTCGC-1,0.26893,0.276565,0.353329,0.101175
AGAACACGGCGATGGT-1,0.000904,0.992769,0.000904,0.005423
AGAACCCAGCGTGACA-1,0.007452,0.643991,0.332263,0.016294
AGAACCCTCAATTGGG-1,0.383115,0.607729,0.001308,0.007848
AGAACGTGGTACATTC-1,0.009642,0.06119,0.00127,0.927898
AGAACTGTACTTTGTA-1,0.517583,0.481562,0.000122,0.000733
AGAAGAGCGCCGTTCC-1,0.096498,0.218348,0.000756,0.684398
AGAAGGTACACTTCAC-1,0.111019,0.881039,0.001134,0.006808
AGAAGGTTGCCGAATT-1,0.103664,0.235326,0.025967,0.635043
AGAAGGTTGTAGGTCG-1,0.014543,0.192642,0.025413,0.767402
AGAAGTGATTCGTGAT-1,0.301885,0.691787,0.000904,0.005424
AGAATAAATCTTCAGG-1,0.116422,0.776509,0.000322,0.106746
AGAATACAGGCTATCC-1,0.667324,0.292312,0.000084,0.04028
AGAATGCGGGTTCGGA-1,0.000031,0.121528,0.006323,0.872118
AGAATTATGGATTCGA-1,0.123679,0.31692,0.014635,0.544766
AGAATTGTTTGACATA-1,0.155711,0.838523,0.000824,0.004942
AGACAGCTCAGAATCC-1,0.123142,0.874831,0.00029,0.001737
AGACAGGCATCTCAGC-1,0.025706,0.470076,0.497412,0.006805
AGACATAGATCCTTCC-1,0.216018,0.557108,0.000175,0.226698
AGACCAAACCACACCT-1,0.187551,0.808829,0.000517,0.003103
AGACCATGGGATACAA-1,0.000265,0.997882,0.000265,0.001588
AGACCCACCGCTGATC-1,0.00765,0.05882,0.040303,0.893227
AGACCCGCCCTCCTCG-1,0.000083,0.122597,0.000083,0.877237
AGACCGCTCCGCGGTT-1,0.210912,0.594809,0.193567,0.000712
AGACCGGGAAACCCTG-1,0.248681,0.515637,0.000335,0.235347
AGACGAAGTGCCGGTC-1,0.232734,0.548565,0.000621,0.21808
AGACGACGATGCCGCT-1,0.025611,0.811244,0.000104,0.163041
AGACGCCCACTTCGCC-1,0.454707,0.193752,0.28906,0.062482
AGACGGGCCGATTTAA-1,0.029928,0.249636,0.022471,0.697965
AGACTAGCCTTCCAGA-1,0.082214,0.39639,0.000128,0.521269
AGAGAAACACCAGAAA-1,0.063249,0.729888,0.000048,0.206815
AGAGAACCGTCTAGGA-1,0.076099,0.1043,0.019492,0.800108
AGAGAAGGAGTACAAT-1,0.123156,0.519418,0.000061,0.357365
AGAGATCTCTAAAGCG-1,0.075998,0.163233,0.000213,0.760556
AGAGCAGTTATGAGAC-1,0.097735,0.896784,0.000783,0.004698
AGAGCCGCCGAGATTT-1,0.870838,0.016879,0.064983,0.0473
AGAGCGCTTGTAACGG-1,0.000021,0.525028,0.321285,0.153666
AGAGCGGGCTAATCAT-1,0.000036,0.128819,0.027423,0.843722
AGAGCGTACAAGCTCG-1,0.130466,0.866794,0.000391,0.002349
AGAGCTACGAAAGCAT-1,0.000559,0.99553,0.000559,0.003352
AGAGGCTTCGGAAACC-1,0.351363,0.639371,0.001324,0.007942
AGAGGGACAATTGTCC-1,0.077525,0.080625,0.010849,0.831001
AGAGGTATCTCGGTCC-1,0.105872,0.892127,0.000286,0.001715
AGAGTAAACTTCACTA-1,0.441328,0.555415,0.000465,0.002791
AGAGTATAGTGTTACG-1,0.00004,0.437035,0.429322,0.133603
AGAGTCTTAATGAAAG-1,0.858037,0.000037,0.005008,0.136917
AGAGTTAGAGACCGAT-1,0.00003,0.051588,0.033368,0.915013
AGAGTTGCAGGCCTCC-1,0.001851,0.760676,0.155503,0.08197
AGATAACTTCAGGGCC-1,0.008794,0.221861,0.012486,0.756859
AGATAATCACACCTAT-1,0.128716,0.867778,0.000501,0.003005
AGATACCAATAGAACC-1,0.816463,0.000069,0.014757,0.16871
AGATACCAGCACTTCA-1,0.000071,0.69955,0.059464,0.240916
AGATACCGGTGTTCAC-1,0.193191,0.734986,0.000181,0.071642
AGATACTCAAGATCGA-1,0.070873,0.246409,0.000048,0.68267
AGATATAATACGACTA-1,0.011188,0.159285,0.023756,0.805771
AGATCGTGCATAAGAT-1,0.054493,0.119738,0.000041,0.825728
AGATCTCAGGTGTGAT-1,0.000035,0.000035,0.040274,0.959656
AGATCTGGAGAGGATA-1,0.102547,0.762314,0.000406,0.134733
AGATGACTCGCCCACG-1,0.010935,0.074254,0.079605,0.835206
AGATGAGGGTTGCGAT-1,0.093818,0.050115,0.071115,0.784952
AGATGATGGAGTCTGG-1,0.403017,0.546996,0.000229,0.049758
AGATGCAAGACGTGCA-1,0.082817,0.612097,0.000271,0.304815
AGATGCATCCTGTGTC-1,0.171745,0.821306,0.000993,0.005956
AGATGCTATAACGAGC-1,0.0008,0.993601,0.0008,0.004799
AGATTATAGGACGTTT-1,0.020697,0.051282,0.001116,0.926905
AGATTCAAGCGGGTCG-1,0.148102,0.317942,0.000215,0.53374
AGATTCACAACCGATA-1,0.320872,0.671021,0.001158,0.006949
AGCAAAGGCCGCTAGT-1,0.02532,0.278127,0.000038,0.696515
AGCAACATATCTTATT-1,0.107952,0.127778,0.031684,0.732586
AGCAACCGAAAGTAAT-1,0.144379,0.618648,0.000267,0.236707
AGCACACGTTTAGACT-1,0.067231,0.178878,0.000524,0.753367
AGCACCAGTACTCACG-1,0.000061,0.200203,0.025702,0.774033
AGCACTACCGGCCTGT-1,0.198391,0.79484,0.000967,0.005801
AGCACTACCTCACCAG-1,0.039906,0.177355,0.037263,0.745476
AGCACTTAAGGACGCC-1,0.139372,0.564127,0.000355,0.296146
AGCAGAAGGAGAAAGA-1,0.000009,0.070412,0.007337,0.922241
AGCAGTCGAAGCATGC-1,0.028519,0.131167,0.000451,0.839864
AGCATATCAATATGCT-1,0.296989,0.344519,0.00029,0.358201
AGCATCATTTCGAAAG-1,0.210668,0.59295,0.000582,0.1958
AGCATCGTCGATAATT-1,0.000089,0.16321,0.065213,0.771487
AGCATTACGAGGCAAG-1,0.673282,0.325255,0.000209,0.001254
AGCCACAGGTTACCCG-1,0.235829,0.475626,0.000149,0.288396
AGCCACTCCCGTGCTT-1,0.000025,0.000025,0.000025,0.999926
AGCCATATAGTATGTG-1,0.020879,0.000018,0.027301,0.951802
AGCCCATACATGTAAG-1,0.001589,0.878469,0.001588,0.118354
AGCCCGCACTACAATG-1,0.874367,0.000095,0.000095,0.125443
AGCCCGGCATTAGAGG-1,0.267768,0.726467,0.000824,0.004942
AGCCCGGTAGCCTGTA-1,0.000096,0.286285,0.000096,0.713523
AGCCCTAAGCGAAGTT-1,0.013745,0.130309,0.000176,0.855769
AGCCCTCCCTGGTGGC-1,0.338638,0.21128,0.096585,0.353497
AGCCCTGTCGCACCGT-1,0.036138,0.380302,0.390667,0.192894
AGCCCTTCTAATCCGA-1,0.102405,0.1296,0.079752,0.688242
AGCCCTTGGACATCCC-1,0.563291,0.323112,0.113147,0.00045
AGCCGCAAATTCAAAT-1,0.198902,0.549664,0.000165,0.251269
AGCCGCTTGATTAGCG-1,0.002779,0.977766,0.002779,0.016675
AGCCGTGGCTAAATGT-1,0.234874,0.760351,0.000682,0.004093
AGCCTAATACCCACGT-1,0.184291,0.3869,0.0003,0.428509
AGCCTTAAAGCGGAAG-1,0.292943,0.6995,0.00108,0.006477
AGCCTTGTCACTGATA-1,0.147131,0.624585,0.000114,0.22817
AGCGACAGGAACGGTC-1,0.015465,0.003852,0.046337,0.934346
AGCGACATCCCATTCA-1,0.000023,0.017347,0.014462,0.968167
AGCGACCAACGATATT-1,0.000071,0.138067,0.000071,0.861792
AGCGAGACGTGAAGGC-1,0.324028,0.549712,0.000503,0.125757
AGCGATGCGCCTAATA-1,0.7187,0.140362,0.000178,0.14076
AGCGCATAATGAATCG-1,0.005342,0.125585,0.008575,0.860498
AGCGCGGGTGCCAATG-1,0.072873,0.207149,0.083603,0.636375
AGCGCTAGAGCGATGT-1,0.00054,0.655792,0.305656,0.038012
AGCGCTTATGGGCAAG-1,0.053785,0.161861,0.130875,0.653479
AGCGGACACTTCGTAG-1,0.000023,0.069208,0.020554,0.910214
AGCGGCGGTTAGCGGT-1,0.136394,0.855414,0.00117,0.007022
AGCGGGTCTGACACTC-1,0.009943,0.050806,0.002602,0.936649
AGCGGTTGCCGCTCTG-1,0.00995,0.84116,0.000084,0.148806
AGCGTACGAGAGCTAG-1,0.265779,0.431767,0.000359,0.302095
AGCGTAGCGCTAGACC-1,0.141755,0.857095,0.000164,0.000985
AGCGTCTGAACCCGCA-1,0.186881,0.70335,0.000178,0.10959
AGCGTGGTATTCTACT-1,0.000146,0.010667,0.007615,0.981572
AGCTAACAAGCAATGT-1,0.039515,0.872845,0.000063,0.087577
AGCTAAGCTCCGTCCG-1,0.164384,0.690048,0.000086,0.145483
AGCTAAGTACGCAGGC-1,0.264434,0.528642,0.000081,0.206843
AGCTACGAATGGTGGT-1,0.903639,0.00004,0.017496,0.078825
AGCTAGAAGCAGAAGT-1,0.034558,0.211462,0.04443,0.709551
AGCTATTTAATCCAAC-1,0.000039,0.098622,0.000039,0.9013
AGCTCCATATATGTTC-1,0.509978,0.296818,0.022017,0.171187
AGCTCCTTCGCACATC-1,0.138452,0.173494,0.000063,0.687992
AGCTCGTTGATGGAAA-1,0.00004,0.805593,0.086848,0.107519
AGCTCTAGACGTTCCA-1,0.004104,0.003692,0.015027,0.977178
AGCTCTTCCCAGTGCA-1,0.000111,0.084945,0.00023,0.914714
AGCTCTTCGTAACCTT-1,0.159251,0.38873,0.25128,0.200739
AGCTGAAGTAAACCAA-1,0.032297,0.215532,0.03061,0.721561
AGCTGTAACCTCAATC-1,0.193709,0.800923,0.000767,0.004601
AGCTTATAGAGACCTG-1,0.164912,0.664558,0.000242,0.170288
AGCTTCTTCTCGAGCA-1,0.522152,0.475605,0.00032,0.001923
AGCTTGATCAGGGTAG-1,0.002059,0.983528,0.002059,0.012354
AGCTTGATCTTAACTT-1,0.35158,0.374578,0.000173,0.273669
AGGAAAGCCTCTGATG-1,0.340575,0.650679,0.001249,0.007496
AGGAACGAACGACTTC-1,0.442749,0.119722,0.423749,0.01378
AGGAAGCTGTCCGCCG-1,0.007488,0.105295,0.059532,0.827685
AGGACAGTCGAATCCC-1,0.035469,0.040352,0.005708,0.918471
AGGACATCGCACGTCG-1,0.381855,0.453026,0.000429,0.16469
AGGACATCGGCACACT-1,0.394802,0.432928,0.171625,0.000645
AGGACGCTCGATGTTG-1,0.147806,0.000031,0.014597,0.837566
AGGACTTATAGGAGAA-1,0.110178,0.462754,0.000465,0.426603
AGGAGACATCCACAGT-1,0.038892,0.535253,0.247968,0.177887
AGGAGAGTCTGGCTAC-1,0.013684,0.459778,0.466737,0.0598
AGGAGCGTTTATTATC-1,0.886736,0.000048,0.002373,0.110844
AGGAGGCCTTCGCGCG-1,0.532411,0.332389,0.000469,0.13473
AGGATAAAGTCGGGAT-1,0.019449,0.324716,0.000341,0.655494
AGGATATAGGGATTTA-1,0.175129,0.388021,0.000274,0.436576
AGGATATCCGACTGCA-1,0.388124,0.610817,0.000151,0.000908
