Barcode,Topic 1,Topic 2,Topic 3to7,Topic 8,Topic 9,Topic 10
AAACAACGAATAGTTC-1,0.001493,0.001493,0.007465,0.001493,0.106606,0.88145
AAACAAGTATCTCCCA-1,0.00003,0.025615,0.824708,0.026545,0.04687,0.076232
AAACAATCTACTAGCA-1,0.002564,0.002565,0.012824,0.002565,0.002565,0.976917
AAACACCAATAACTGC-1,0.000057,0.125485,0.085456,0.177597,0.514509,0.096897
AAACAGAGCGACTCCT-1,0.001724,0.001725,0.008623,0.563548,0.001725,0.422656
AAACAGCTTTCAGAAG-1,0.000041,0.000041,0.086232,0.556451,0.163829,0.193406
AAACAGGGTCTATATT-1,0.00003,0.00003,0.287182,0.245088,0.243203,0.224467
AAACAGTGTTCCTGGG-1,0.000019,0.000019,0.302453,0.000019,0.697472,0.000019
AAACATGGTGAGAGGA-1,0.000028,0.007417,0.046932,0.028033,0.644852,0.272738
AAACATTTCCCGGATT-1,0.000236,0.087498,0.001182,0.000236,0.000236,0.910611
AAACCACTACACAGAT-1,0.00122,0.00122,0.166565,0.00122,0.00122,0.828555
AAACCCGAACGAAATC-1,0.000014,0.000014,0.871769,0.061326,0.042777,0.024099
AAACCGGAAATGTTAA-1,0.000169,0.024664,0.368478,0.035449,0.000169,0.571072
AAACCGGGTAGGTACC-1,0.000024,0.000024,0.462297,0.281171,0.138853,0.117631
AAACCGTTCGTCCAGG-1,0.000023,0.002201,0.618712,0.235566,0.092942,0.050555
AAACCTAAGCAGCCGG-1,0.000027,0.920891,0.011666,0.001019,0.000027,0.066368
AAACCTCATGAAGTTG-1,0.000024,0.004983,0.336327,0.539915,0.046737,0.072015
AAACGAAGAACATACC-1,0.000807,0.000807,0.267578,0.000807,0.000807,0.729195
AAACGAAGATGGAGTA-1,0.000032,0.006116,0.244139,0.003432,0.683665,0.062615
AAACGACAGTCTTGCC-1,0.000389,0.000389,0.059532,0.000389,0.000389,0.938911
AAACGAGACGGTTGAT-1,0.000027,0.000027,0.734674,0.164352,0.052622,0.048298
AAACGCCCGAGATCGG-1,0.000671,0.000671,0.491928,0.000671,0.481132,0.024927
AAACGCTGGGCACGAC-1,0.000016,0.925794,0.01916,0.004376,0.000016,0.050639
AAACGGGCGTACGGGT-1,0.000155,0.235457,0.000774,0.000155,0.000155,0.763304
AAACGGGTTGGTATCC-1,0.001124,0.001124,0.005619,0.001124,0.001124,0.989885
AAACGGTTGCGAACTG-1,0.00007,0.030822,0.014461,0.038849,0.590536,0.325263
AAACGTGTTCGCCCTA-1,0.000781,0.000781,0.003907,0.000782,0.000781,0.992967
AAACTAACGTGGCGAC-1,0.000234,0.000234,0.052894,0.000234,0.000234,0.946172
AAACTCGGTTCGCAAT-1,0.000128,0.413149,0.00064,0.041647,0.307504,0.236933
AAACTCGTGATATAAG-1,0.000472,0.000472,0.380893,0.168435,0.000472,0.449257
AAACTGCTGGCTCCAA-1,0.000015,0.000015,0.736036,0.094581,0.073728,0.095624
AAACTTAATTGCACGC-1,0.000024,0.000024,0.350757,0.000024,0.649148,0.000024
AAACTTGCAAACGTAT-1,0.000028,0.000121,0.14993,0.616476,0.133798,0.099647
AAAGAATGACCTTAGA-1,0.000043,0.022554,0.033635,0.352446,0.507719,0.083603
AAAGAATGTGGACTAA-1,0.000024,0.942021,0.027707,0.000024,0.000024,0.030199
AAAGACATGAAGTTTA-1,0.000228,0.039462,0.189738,0.052093,0.000228,0.71825
AAAGACCCAAGTCGCG-1,0.000309,0.000309,0.174605,0.000309,0.0599,0.764568
AAAGACTGGGCGCTTT-1,0.000394,0.000394,0.288739,0.000394,0.000394,0.709686
AAAGCTTGCCTACATA-1,0.000058,0.010197,0.103127,0.405307,0.105281,0.376031
AAAGGCCCTATAATAC-1,0.000026,0.000026,0.02222,0.07413,0.746644,0.156954
AAAGGCTACGGACCAT-1,0.00007,0.116552,0.094659,0.090504,0.40725,0.290965
AAAGGCTCTCGCGCCG-1,0.000013,0.04329,0.858355,0.07886,0.000013,0.019467
AAAGGGATGTAGCAAG-1,0.000292,0.071985,0.001462,0.333491,0.091039,0.50173
AAAGGGCAGCTTGAAT-1,0.000503,0.066119,0.002513,0.000503,0.000503,0.929859
AAAGGTAAGCTGTACC-1,0.000253,0.000253,0.377761,0.000253,0.000253,0.621228
AAAGGTCAACGACATG-1,0.002703,0.002703,0.013516,0.002703,0.234543,0.743831
AAAGTAGCATTGCTCA-1,0.000031,0.003751,0.531478,0.434722,0.019023,0.010995
AAAGTCACTGATGTAA-1,0.000901,0.000901,0.004506,0.000901,0.000901,0.99189
AAAGTCGACCCTCAGT-1,0.000063,0.000063,0.439339,0.226182,0.108841,0.225512
AAAGTGCCATCAATTA-1,0.000571,0.084312,0.002858,0.000572,0.000572,0.911115
AAAGTGTGATTTATCT-1,0.000027,0.003458,0.761039,0.172666,0.05389,0.00892
AAAGTTGACTCCCGTA-1,0.000028,0.020141,0.551055,0.235401,0.123843,0.069532
AAATAACCATACGGGA-1,0.000332,0.000332,0.318226,0.000332,0.135447,0.54533
AAATAAGGTAGTGCCC-1,0.000019,0.009717,0.523287,0.439423,0.022019,0.005535
AAATACCTATAAGCAT-1,0.000026,0.009359,0.754219,0.062342,0.164505,0.009548
AAATAGCTTAGACTTT-1,0.000022,0.000022,0.789161,0.105404,0.084722,0.020669
AAATAGGGTGCTATTG-1,0.000018,0.01007,0.95461,0.000293,0.000105,0.034903
AAATCACTCCTAAACG-1,0.00164,0.175064,0.008199,0.00164,0.00164,0.811818
AAATCCGATACACGCC-1,0.000098,0.101244,0.226362,0.000098,0.000098,0.6721
AAATCGCGGAAGGAGT-1,0.000041,0.006273,0.160051,0.040079,0.717246,0.07631
AAATCGTGTACCACAA-1,0.000019,0.01572,0.704407,0.255306,0.018829,0.005719
AAATCTAGCCCTGCTA-1,0.000051,0.053284,0.543046,0.184109,0.03335,0.186159
AAATCTGCCCGCGTCC-1,0.000056,0.011601,0.021546,0.102494,0.780015,0.084288
AAATGACTGATCAAAC-1,0.000014,0.009789,0.4035,0.000464,0.586218,0.000014
AAATGATTCGATCAGC-1,0.000402,0.078405,0.123427,0.000402,0.065945,0.731419
AAATGCTCGTTACGTT-1,0.000568,0.000568,0.002842,0.000568,0.000568,0.994885
AAATGGCATGTCTTGT-1,0.000426,0.000426,0.002128,0.000426,0.205864,0.790731
AAATGGCCCGTGCCCT-1,0.000021,0.001761,0.460127,0.366509,0.124176,0.047406
AAATGGTCAATGTGCC-1,0.000115,0.000115,0.000574,0.374251,0.079795,0.545151
AAATGTATCTTATCCC-1,0.000102,0.036601,0.154599,0.005166,0.136103,0.667429
AAATGTGGGTGCTCCT-1,0.000204,0.000204,0.590461,0.000204,0.000204,0.408722
AAATTAACGGGTAGCT-1,0.00008,0.00008,0.107361,0.468302,0.215935,0.208242
AAATTAATAAGCGCGA-1,0.000168,0.000168,0.313159,0.000168,0.000401,0.685936
AAATTACACGACTCTG-1,0.000556,0.000556,0.241503,0.000556,0.000556,0.756274
AAATTACCTATCGATG-1,0.000235,0.084393,0.001177,0.169273,0.000235,0.744687
AAATTCCAGGTCCAAA-1,0.000011,0.000873,0.945825,0.015929,0.012406,0.024955
AAATTGATAGTCCTTT-1,0.000038,0.03032,0.483642,0.29819,0.12284,0.064969
AAATTGCGGCGGTTCT-1,0.000556,0.000556,0.002779,0.000556,0.000556,0.994999
AAATTGGTGAGAAGCA-1,0.001449,0.00145,0.007249,0.00145,0.00145,0.986953
AAATTTACCGAAATCC-1,0.000465,0.000465,0.293738,0.000465,0.000465,0.704401
AAATTTGCGGGTGTGG-1,0.000028,0.000028,0.579424,0.134079,0.207117,0.079323
AACAACTGGTAGTTGC-1,0.000433,0.000433,0.002165,0.000433,0.058798,0.937738
AACAATACATTGTCGA-1,0.000037,0.53796,0.009759,0.252112,0.007591,0.192541
AACAATTACTCTACGC-1,0.000602,0.000603,0.184868,0.000603,0.000603,0.812722
AACACACGCTCGCCGC-1,0.000025,0.006441,0.764425,0.014262,0.001479,0.213368
AACACGACTGTACTGA-1,0.000472,0.000472,0.258321,0.000472,0.000472,0.739792
AACACGAGACGCGGCC-1,0.000017,0.000017,0.523574,0.254259,0.132955,0.089177
AACACGCGGCCGCGAA-1,0.000538,0.000538,0.002689,0.000538,0.000538,0.99516
AACAGCTGTGTGGCAA-1,0.000023,0.630314,0.162248,0.023719,0.049689,0.134008
AACAGGAAATCGAATA-1,0.000281,0.000281,0.057555,0.000281,0.110183,0.831419
AACAGGATGGGCCGCG-1,0.000368,0.000368,0.001839,0.037472,0.321772,0.638182
AACAGGTAGTATGGAT-1,0.000014,0.001928,0.926703,0.00631,0.021694,0.043352
AACATAGCGTGTATCG-1,0.000022,0.181466,0.229631,0.006808,0.582051,0.000022
AACATATCAACTGGTG-1,0.00025,0.027737,0.00125,0.327396,0.217753,0.425614
AACATCGATACGTCTA-1,0.000758,0.000758,0.003789,0.000758,0.000758,0.99318
AACATTGAAGTTGATC-1,0.000047,0.006972,0.068873,0.045447,0.811986,0.066675
AACATTGGTCAGCCGT-1,0.002273,0.002273,0.011367,0.684481,0.002273,0.297332
AACATTGTGACTCGAG-1,0.00008,0.033732,0.038251,0.028674,0.766549,0.132714
AACCAAGACTTCTCTG-1,0.00005,0.00005,0.199364,0.062159,0.034822,0.703555
AACCAGTATCACTCTT-1,0.001,0.10982,0.005001,0.001,0.001,0.882178
AACCATAGGGTTGAAC-1,0.000039,0.00531,0.007298,0.147352,0.747018,0.092983
AACCATGGGATCGCTA-1,0.000397,0.000397,0.001985,0.000397,0.000397,0.996428
AACCCAGAGACGGAGA-1,0.000222,0.000222,0.001109,0.000222,0.051267,0.946959
AACCCATCCCATGATC-1,0.000063,0.254874,0.02312,0.365726,0.217684,0.138533
AACCCGACAACCCGTG-1,0.000032,0.000032,0.008937,0.024437,0.884743,0.081819
AACCCGAGCAGAATCG-1,0.000307,0.09335,0.001534,0.103006,0.043094,0.758709
AACCCGATAGGGCTTC-1,0.00115,0.00115,0.396101,0.00115,0.00115,0.5993
AACCCGCTGTATTCCA-1,0.000018,0.008406,0.153701,0.003582,0.834273,0.000018
AACCCTACTGTCAATA-1,0.000031,0.007127,0.688089,0.144239,0.018847,0.141667
AACCCTGGTGGAACCA-1,0.000926,0.000926,0.004631,0.000926,0.000926,0.991664
AACCGAGCTTGGTCAT-1,0.739762,0.000345,0.001725,0.000345,0.254404,0.003419
AACCGCTAAGGGATGC-1,0.000029,0.039994,0.637012,0.219458,0.080288,0.023218
AACCGTTGTGTTTGCT-1,0.000429,0.000429,0.417741,0.000429,0.000429,0.580542
AACCTAAAGCCGTCCG-1,0.000135,0.000135,0.647715,0.000135,0.000135,0.351746
AACCTCGCTTTAGCCC-1,0.000279,0.08769,0.397473,0.000279,0.000279,0.514001
AACCTGTCACGGAATT-1,0.000017,0.000017,0.98513,0.004999,0.008633,0.001204
AACCTTTAAATACGGT-1,0.000025,0.000025,0.773478,0.031966,0.078389,0.116116
AACCTTTACGACGTCT-1,0.000535,0.000535,0.002675,0.000535,0.040519,0.955201
AACGAAAGTCGTCCCA-1,0.000046,0.000046,0.223493,0.000046,0.623021,0.153348
AACGACCTCCTAGCCG-1,0.000037,0.808353,0.000187,0.000037,0.089261,0.102124
AACGATAATGCCGTAG-1,0.000043,0.032666,0.540127,0.046624,0.074954,0.305586
AACGATAGAAGGGCCG-1,0.000217,0.000217,0.221543,0.000217,0.079806,0.698001
AACGATATGTCAACTG-1,0.000104,0.019977,0.776248,0.000104,0.000104,0.203463
AACGCATGATCTGGGT-1,0.001064,0.027643,0.005321,0.001064,0.196253,0.768655
AACGCGAACGGCAACA-1,0.000658,0.000658,0.00329,0.000658,0.000658,0.994077
AACGCGACCTTGGGCG-1,0.000042,0.000042,0.10015,0.016487,0.814019,0.069259
AACGCGGTCTCCAGCC-1,0.000621,0.000621,0.003106,0.000621,0.021778,0.973252
AACGCTGTTGCTGAAA-1,0.000054,0.002769,0.646991,0.000054,0.000054,0.350079
AACGGACGTACGTATA-1,0.000018,0.000018,0.883823,0.012747,0.030272,0.073121
AACGGCCATCTCCGGT-1,0.000014,0.000014,0.877979,0.079564,0.037901,0.004529
AACGTACTGTGGGTAC-1,0.000018,0.000948,0.740468,0.073104,0.049162,0.1363
AACGTAGTCTACCCAT-1,0.003704,0.003705,0.018524,0.003705,0.622233,0.34813
AACGTCAGACTAGTGG-1,0.000877,0.000877,0.004387,0.000877,0.000877,0.992103
AACGTCATCCGGCTTG-1,0.000116,0.009388,0.504948,0.000116,0.485316,0.000116
AACGTCGCTGCACTTC-1,0.000023,0.994432,0.003023,0.000826,0.001672,0.000023
AACGTGATGAAGGACA-1,0.001053,0.001053,0.005265,0.001053,0.166579,0.824998
AACGTGCGAAAGTCTC-1,0.000013,0.008913,0.983815,0.006089,0.001156,0.000013
AACGTTATCAGCACCT-1,0.000508,0.000508,0.475958,0.000508,0.000508,0.522011
AACGTTCTACCATTGT-1,0.000014,0.326706,0.386792,0.018371,0.268103,0.000014
AACTACCCGTTTGTCA-1,0.000041,0.000041,0.360007,0.280996,0.031652,0.327264
AACTAGCGTATCGCAC-1,0.000394,0.022714,0.001969,0.000394,0.000394,0.974136
AACTAGGCTTGGGTGT-1,0.000057,0.018157,0.513516,0.105842,0.107545,0.254882
AACTCAAGTTAATTGC-1,0.000037,0.000037,0.38874,0.360828,0.077196,0.173162
AACTCCAGAGCGTGTT-1,0.000214,0.052373,0.001071,0.000214,0.000214,0.945914
AACTCCTAATCCCATG-1,0.000658,0.000658,0.00329,0.000658,0.01769,0.977046
AACTCGATAAACACGT-1,0.00115,0.00115,0.005749,0.00115,0.00115,0.989652
AACTCGATGGCGCAGT-1,0.00087,0.039683,0.004349,0.00087,0.00087,0.953359
AACTCTCAATAGAGCG-1,0.000044,0.011235,0.642327,0.256664,0.08429,0.005441
AACTCTCAGTGTGCTC-1,0.000024,0.010246,0.524198,0.309994,0.099095,0.056442
AACTGAGGTCAGCGTC-1,0.000263,0.000263,0.778658,0.000263,0.000263,0.220289
AACTGAGTTATACTGA-1,0.000033,0.005338,0.838205,0.001551,0.02148,0.133392
AACTGATATTAGGCCT-1,0.000052,0.000052,0.882407,0.000052,0.000052,0.117386
AACTGGGTCCCGACGT-1,0.000971,0.000971,0.213858,0.000971,0.053083,0.730146
AACTGGGTTCGAGCCG-1,0.001031,0.001031,0.182271,0.001031,0.001031,0.813605
AACTGGTGTGGGCCTT-1,0.000588,0.000588,0.002942,0.000588,0.000588,0.994705
AACTTCTGCGTCTATC-1,0.000395,0.000395,0.001977,0.000395,0.000395,0.996442
AACTTGCCCGTATGCA-1,0.000935,0.000935,0.004674,0.000935,0.053246,0.939275
AACTTGCGTTCTCGCG-1,0.000588,0.000588,0.002942,0.000588,0.493462,0.501831
AACTTTACGGGAGCTT-1,0.000339,0.000339,0.001695,0.000339,0.000339,0.996948
AACTTTAGCTGCTGAG-1,0.001075,0.001076,0.005378,0.001076,0.001076,0.99032
AACTTTCTCGATCATG-1,0.000629,0.000629,0.389145,0.000629,0.014637,0.59433
AAGAAAGTTTGATGGG-1,0.000044,0.012342,0.000222,0.040629,0.776283,0.17048
AAGAAATCACCAGATT-1,0.000769,0.08664,0.003847,0.000769,0.174748,0.733226
AAGAAGGATCAGTTAG-1,0.000261,0.222449,0.001306,0.000261,0.037995,0.737728
AAGACATACGTGGTTT-1,0.000135,0.428623,0.084148,0.000135,0.062927,0.424031
AAGACCAAATAACTCA-1,0.000013,0.000013,0.398522,0.000013,0.601426,0.000013
AAGACCCAACTGAACA-1,0.000018,0.607385,0.207528,0.010987,0.014193,0.15989
AAGACTAACCCGTTGT-1,0.000725,0.000725,0.003624,0.335131,0.000725,0.659071
AAGACTCACGCCCACT-1,0.000105,0.000105,0.677217,0.000105,0.019595,0.302873
AAGACTGCAAGCTACT-1,0.000023,0.006254,0.830383,0.070203,0.061535,0.031602
AAGAGATGAATCGGTA-1,0.000153,0.000153,0.000765,0.234036,0.169625,0.595268
AAGAGCTCTTTATCGG-1,0.000032,0.034136,0.528484,0.349224,0.056048,0.032075
AAGAGGATGTACGCGA-1,0.000045,0.006973,0.000926,0.744148,0.119838,0.12807
AAGAGGCATGGATCGC-1,0.000016,0.000016,0.907471,0.074616,0.015747,0.002135
AAGAGGCCCTTTGGAA-1,0.000268,0.000268,0.0049,0.000268,0.000268,0.994027
AAGATGGCACCGGACC-1,0.000021,0.644758,0.194385,0.079515,0.047772,0.03355
AAGATTGGCGGAACGT-1,0.000493,0.000493,0.002464,0.000493,0.070926,0.925132
AAGCACCCTGCGTATC-1,0.000216,0.000217,0.587703,0.000217,0.000217,0.411431
AAGCATACTCTCCTGA-1,0.000037,0.017608,0.370722,0.0354,0.077761,0.498472
AAGCCACTTGCAGGTA-1,0.000019,0.000019,0.328287,0.000019,0.671636,0.000019
AAGCCGAAGCGGTTTA-1,0.000054,0.009422,0.678494,0.07808,0.052396,0.181555
AAGCCGCCGTGAAATC-1,0.000023,0.010106,0.092357,0.056632,0.780295,0.060586
AAGCCGCTTTACCTTG-1,0.000571,0.000572,0.326705,0.000572,0.000572,0.671008
AAGCCGGAGAGCAGGA-1,0.000833,0.000834,0.004168,0.000834,0.000834,0.992498
AAGCGCAGGGCTTTGA-1,0.000116,0.344574,0.000582,0.067021,0.423417,0.16429
AAGCGGAGTGCGCGCA-1,0.001316,0.001316,0.006581,0.001316,0.001316,0.988155
AAGCGGCGTCATGGGT-1,0.000474,0.000474,0.00237,0.000474,0.000474,0.995733
AAGCGTCCCTCATCGA-1,0.000045,0.0419,0.83436,0.014781,0.04188,0.067034
AAGCTAGATCGAGTAA-1,0.000015,0.032175,0.872107,0.037301,0.031019,0.027383
AAGCTATGGATTGACC-1,0.000042,0.030672,0.204209,0.016256,0.74878,0.000042
AAGCTCGTGCCAAGTC-1,0.000037,0.000037,0.625031,0.192938,0.13525,0.046706
AAGCTCTTTCATGGTG-1,0.000161,0.091433,0.189036,0.273014,0.000161,0.446195
AAGGAGAACTTATAAG-1,0.001177,0.001177,0.005884,0.001177,0.001177,0.989409
AAGGAGCGGTTGGTGC-1,0.000352,0.000352,0.001761,0.065631,0.181833,0.75007
AAGGATCGATCGCTTG-1,0.000025,0.006954,0.773828,0.094124,0.085478,0.039591
AAGGATGAGGGACCTC-1,0.00027,0.050745,0.401888,0.00027,0.00027,0.546558
AAGGCAGGCTGTCTCC-1,0.000011,0.001683,0.998274,0.000011,0.000011,0.000011
AAGGCGCGTAAAGCTT-1,0.000361,0.000361,0.098945,0.000361,0.014525,0.885446
AAGGCTGTGCTCATCG-1,0.000578,0.030511,0.002891,0.000578,0.222514,0.742928
AAGGGAACGACTGGCT-1,0.000041,0.017925,0.052662,0.134306,0.750683,0.044383
AAGGGACAGATTCTGT-1,0.00036,0.00036,0.208947,0.00036,0.00036,0.789613
AAGGGACTATGCATTC-1,0.000049,0.080574,0.274603,0.000049,0.589607,0.055119
AAGGGTTAGCCATGCG-1,0.000019,0.454165,0.180255,0.076733,0.288809,0.000019
AAGGGTTTGATTTCAG-1,0.000085,0.023667,0.122559,0.095549,0.604728,0.153411
AAGGTATCCTAATATA-1,0.000658,0.000658,0.123301,0.000658,0.404946,0.46978
AAGGTGATAAACCAGC-1,0.000021,0.012938,0.65483,0.153379,0.09474,0.084092
AAGTAAGCTTCCAAAC-1,0.00244,0.00244,0.012198,0.00244,0.00244,0.978043
AAGTAGAAGACCGGGT-1,0.000529,0.000529,0.002646,0.245664,0.022382,0.728249
AAGTAGTGACGCGAGG-1,0.000312,0.000312,0.229979,0.000312,0.1733,0.595787
AAGTCAATTGTCGTCA-1,0.00001,0.002475,0.994879,0.002617,0.00001,0.00001
AAGTCTAGTAGCTGCC-1,0.001124,0.001124,0.360687,0.271882,0.001124,0.364059
AAGTCTTCTGTGGCCT-1,0.000021,0.000021,0.682723,0.067757,0.127372,0.122105
AAGTGACGACCGAATT-1,0.000024,0.000024,0.516839,0.269546,0.166186,0.047382
AAGTGAGTCGGGTTTA-1,0.000071,0.189773,0.091454,0.183009,0.327374,0.208319
AAGTGCAAAGGTAGAC-1,0.000032,0.0002,0.977636,0.000032,0.000032,0.022067
AAGTGCCTTGACTGTA-1,0.000016,0.000016,0.949682,0.050082,0.000189,0.000016
AAGTGCGTTAGAATCT-1,0.000018,0.005399,0.862208,0.079112,0.050509,0.002755
AAGTGCTTCTCTATTG-1,0.000036,0.04048,0.071434,0.197246,0.657837,0.032967
AAGTGTTTGGAGACGG-1,0.000031,0.020469,0.75701,0.013069,0.095671,0.113749
AAGTTCACTCCAAGCT-1,0.000148,0.080657,0.406774,0.025422,0.06319,0.42381
AAGTTCGGCCAACAGG-1,0.000018,0.003145,0.593523,0.282508,0.108736,0.012071
AAGTTGTGATGTTATA-1,0.000159,0.338504,0.000794,0.072973,0.000159,0.587411
AAGTTTACTAATGGCA-1,0.002326,0.002326,0.011631,0.002326,0.489192,0.492199
AAGTTTATGGGCCCAA-1,0.000119,0.167088,0.000593,0.086534,0.528801,0.216865
AATAACAACGCTCGGC-1,0.000048,0.009188,0.233594,0.467173,0.030501,0.259496
AATAACACTAGAACAA-1,0.000009,0.009889,0.853864,0.063797,0.052623,0.019818
AATAACGTCGCGCCCA-1,0.000018,0.592911,0.109912,0.095648,0.195962,0.00555
AATAAGTCCTCGAGAC-1,0.000056,0.000056,0.734131,0.000056,0.000056,0.265645
AATAATCTTCGTATCG-1,0.000084,0.068613,0.45264,0.035625,0.030332,0.412706
AATACAATGTTTCAGG-1,0.000222,0.000222,0.434395,0.000222,0.095692,0.469246
AATACCGGAGGGCTGT-1,0.000041,0.009228,0.079299,0.108985,0.640436,0.16201
AATACCTGATGTGAAC-1,0.000012,0.999892,0.00006,0.000012,0.000012,0.000012
AATAGAACAGAGTGGC-1,0.000007,0.006601,0.988469,0.00491,0.000007,0.000007
AATAGAATCTGTTTCA-1,0.000055,0.000055,0.217996,0.512744,0.140538,0.128612
AATAGCAAGCCTCCTG-1,0.000926,0.000926,0.004631,0.000926,0.06955,0.923041
AATAGCTACCGCGTGC-1,0.00137,0.00137,0.006851,0.00137,0.00137,0.987668
AATAGGCACGACCCTT-1,0.000063,0.178206,0.374277,0.045175,0.402215,0.000063
AATAGTCCGTCCCGAC-1,0.000034,0.000034,0.646417,0.024322,0.015178,0.314016
AATAGTCGCGAGTCGG-1,0.000415,0.028752,0.002075,0.000415,0.000415,0.967928
AATATCAAGGTCGGAT-1,0.000541,0.000541,0.002703,0.000541,0.000541,0.995134
AATATCCTAGCAAACT-1,0.000017,0.012787,0.517158,0.243046,0.102948,0.124045
AATATCGAATCAATGC-1,0.00006,0.026335,0.632943,0.101694,0.129407,0.109561
AATATCGAGGGTTCTC-1,0.00015,0.177712,0.044565,0.27639,0.131348,0.369835
AATATTGGAGTATTGA-1,0.00009,0.00009,0.000449,0.773989,0.032877,0.192507
AATCAGACTGCAGGAC-1,0.000252,0.000252,0.376548,0.000252,0.151957,0.470739
AATCAGGTTTCATTTA-1,0.000093,0.032054,0.012151,0.101943,0.80986,0.043899
AATCATGTAAAGACTC-1,0.000077,0.031371,0.31664,0.330266,0.000077,0.321569
AATCCAAGGGCCTGAG-1,0.000847,0.000848,0.004239,0.000848,0.357678,0.635541
AATCCATGCAAGGGTG-1,0.001389,0.001389,0.006946,0.001389,0.001389,0.987497
AATCCCGCTCAGAGCC-1,0.000025,0.004222,0.307869,0.000025,0.687835,0.000025
AATCGAGGTCTCAAGG-1,0.000028,0.122234,0.306933,0.000028,0.570747,0.000028
AATCGCCTCAGCGCCA-1,0.00002,0.005919,0.657149,0.326484,0.010409,0.00002
AATCGCGCAGAGGACT-1,0.000016,0.002026,0.957807,0.015162,0.019297,0.005692
AATCGGGACACTACGA-1,0.001961,0.001961,0.009806,0.001962,0.001961,0.982349
AATCGGTATAGCCCTC-1,0.000022,0.998673,0.001237,0.000022,0.000022,0.000022
AATCGTGAGCCGAGCA-1,0.000036,0.814831,0.004206,0.001189,0.021649,0.158089
AATCTAGGTTTACTTG-1,0.000017,0.017832,0.79342,0.062464,0.117738,0.008528
AATCTATGCCGGAGCC-1,0.000158,0.000159,0.133573,0.187698,0.172179,0.506233
AATCTCTACTGTGGTT-1,0.000086,0.000086,0.000432,0.473924,0.222078,0.303393
AATCTGCGTTGGGACG-1,0.000025,0.000025,0.703913,0.292284,0.000479,0.003274
AATCTGGCTTTCTAGT-1,0.000011,0.0048,0.895085,0.0538,0.037543,0.008761
AATCTGGGTAGACCCT-1,0.0008,0.0008,0.338294,0.0008,0.297463,0.361843
AATGACAGCAATGTCT-1,0.000023,0.008089,0.689061,0.174879,0.08499,0.042959
AATGACGTAGGATGTC-1,0.000022,0.002041,0.787048,0.14904,0.024117,0.037732
AATGACTGTCAGCCGG-1,0.000099,0.006782,0.364978,0.011654,0.085556,0.530931
AATGAGTTCGCATATG-1,0.000788,0.000788,0.003938,0.000788,0.000788,0.992911
AATGATGATACGCTAT-1,0.001205,0.001205,0.006026,0.39021,0.160851,0.440502
AATGATGCGACTCCTG-1,0.000735,0.000735,0.003678,0.000736,0.000735,0.993381
AATGCAACCGGGTACC-1,0.000243,0.000243,0.001217,0.000243,0.138417,0.859636
AATGCACCAAGCAATG-1,0.000191,0.000191,0.148861,0.000191,0.024218,0.826348
AATGGCCGCCAATGCG-1,0.000568,0.000568,0.53152,0.000568,0.000568,0.466206
AATGGTCCACCGTTCA-1,0.00013,0.00013,0.507025,0.00013,0.020473,0.472114
AATGGTTCTCACAAGC-1,0.000263,0.000263,0.088297,0.000263,0.040677,0.870236
AATGTATGGCACTGTA-1,0.000071,0.000071,0.000355,0.063136,0.759092,0.177276
AATGTGCCCGAGGTGT-1,0.000054,0.077277,0.203026,0.540336,0.083984,0.095323
AATGTGCTAATCTGAG-1,0.000031,0.011207,0.290694,0.019449,0.644329,0.034291
AATGTTAAGACCCTGA-1,0.000023,0.148067,0.081836,0.013578,0.74697,0.009525
AATGTTGTCGTGAGAC-1,0.000118,0.420351,0.009675,0.000118,0.136554,0.433185
AATTAAAGGTCGGCGT-1,0.000046,0.000046,0.239151,0.308274,0.319861,0.132623
AATTAACGGATTTCCA-1,0.000156,0.0607,0.06483,0.147193,0.101281,0.625841
AATTACGAGACCCATC-1,0.000103,0.143721,0.045673,0.052744,0.557263,0.200496
AATTACTCGTACGCTC-1,0.000807,0.000807,0.004033,0.000807,0.000807,0.99274
AATTAGCGCTGCAGCG-1,0.000049,0.043437,0.444994,0.235302,0.204444,0.071775
AATTATACCCAGCAAG-1,0.000026,0.2983,0.203637,0.001606,0.487055,0.009376
AATTCATAAGGGATCT-1,0.00099,0.00099,0.004952,0.580041,0.00099,0.412036
AATTCATTGTCATGCA-1,0.000085,0.000085,0.0056,0.064323,0.843226,0.08668
AATTCCAACTTGGTGA-1,0.001191,0.001191,0.005954,0.477792,0.001191,0.512682
AATTCCAAGCATGTAC-1,0.00006,0.001963,0.042991,0.157901,0.71811,0.078975
AATTCGATTCGAGGAT-1,0.000069,0.582278,0.043901,0.054498,0.002607,0.316647
AATTCTAGAGTTAGGC-1,0.000037,0.000037,0.610582,0.24316,0.095866,0.050319
AATTGAACGCTCTGGT-1,0.000022,0.025696,0.749019,0.008187,0.009222,0.207854
AATTGCAGCAATCGAC-1,0.000188,0.22097,0.000942,0.03248,0.000188,0.745231
AATTGCGTGGATTACA-1,0.00005,0.00005,0.156214,0.00005,0.836365,0.00727
AATTTGGGACATAGTA-1,0.000211,0.01693,0.466957,0.000211,0.10384,0.41185
AATTTGGTTCCAAAGA-1,0.00012,0.00012,0.786404,0.00012,0.00012,0.213116
ACAAACCATGCGTCCT-1,0.000014,0.000014,0.17419,0.000014,0.821888,0.003879
ACAAACCGACAAGGCG-1,0.000169,0.000169,0.682546,0.000169,0.000169,0.316779
ACAAACTCCATCAGAG-1,0.000024,0.001429,0.175497,0.004319,0.818706,0.000024
ACAAAGAAGGTAGGCC-1,0.000024,0.000024,0.210027,0.460852,0.200617,0.128455
ACAAAGCATGACCTAG-1,0.00012,0.093994,0.000601,0.00012,0.003006,0.902158
ACAAATCGCACCGAAT-1,0.000026,0.007339,0.560513,0.32358,0.055532,0.05301
ACAAATGGTAGTGTTT-1,0.000024,0.000024,0.82361,0.01253,0.011042,0.152769
ACAAATTCAGATCTGA-1,0.000962,0.000962,0.004809,0.000962,0.380356,0.611949
ACAACAGCATGAGCTA-1,0.000038,0.000038,0.468104,0.324028,0.086817,0.120974
ACAACGGTCCCTGCGA-1,0.000345,0.09199,0.001725,0.03107,0.000345,0.874525
ACAAGCAGTGCCTAGC-1,0.001493,0.131647,0.007465,0.001493,0.001493,0.85641
ACAAGCTATATGGAAG-1,0.000054,0.032794,0.359387,0.018587,0.106521,0.482656
ACAAGGAAATCCGCCC-1,0.000035,0.000035,0.596792,0.136952,0.154804,0.111382
ACAAGGACAAGAGGTT-1,0.000161,0.009996,0.235719,0.000161,0.05822,0.695742
ACAAGGATGCTTTAGG-1,0.000265,0.000265,0.001327,0.000265,0.000265,0.997612
ACAAGGCCTACCAGCC-1,0.000302,0.078655,0.001511,0.000302,0.000302,0.918927
ACAAGGGCAGGCTCTG-1,0.000038,0.007879,0.390187,0.323663,0.139532,0.1387
ACAAGTAATTGTAAGG-1,0.000048,0.060047,0.543275,0.000048,0.396535,0.000048
ACAATAGTCGTACGTT-1,0.00008,0.023518,0.156803,0.427758,0.229719,0.162122
ACAATCCATTTAAACC-1,0.000048,0.000048,0.334362,0.232963,0.179298,0.253281
ACAATCGATCTTTATA-1,0.000479,0.107612,0.488904,0.000479,0.000479,0.402049
ACAATGAATACGGAGA-1,0.000018,0.594299,0.287682,0.047385,0.055433,0.015183
ACAATGATTCTTCTAC-1,0.001205,0.001205,0.068001,0.001205,0.001205,0.927179
ACAATTGTGTCTCTTT-1,0.000063,0.000064,0.411131,0.27554,0.118492,0.19471
ACAATTTAGGAGGCTC-1,0.000259,0.000259,0.083793,0.116083,0.182801,0.616805
ACAATTTGAGCAGTGG-1,0.000285,0.000285,0.125945,0.190997,0.002556,0.679932
ACAATTTGGCCATATT-1,0.000034,0.014056,0.765101,0.021026,0.067213,0.132571
ACACAAAGACGGGTGG-1,0.000077,0.000077,0.511975,0.000077,0.000077,0.487717
ACACAAATATTCCTAG-1,0.000157,0.000157,0.561189,0.000157,0.000157,0.438183
ACACACCAGGACCAGT-1,0.00002,0.024505,0.566373,0.408476,0.000604,0.000022
ACACACTTTCTACACG-1,0.000229,0.070381,0.758529,0.013012,0.06462,0.09323
ACACATGATCAAATCT-1,0.000041,0.140546,0.069279,0.193073,0.45284,0.14422
ACACATTGACGCAACA-1,0.001613,0.001613,0.008067,0.001613,0.065474,0.921619
ACACATTTCCGTAGAC-1,0.000062,0.051876,0.112894,0.016573,0.765071,0.053524
ACACCACATAATTAGC-1,0.000019,0.008147,0.385072,0.559416,0.032524,0.014822
ACACCCAGCATGCAGC-1,0.000249,0.000249,0.020484,0.000249,0.000249,0.978518
ACACCCGAGAAATCCG-1,0.00032,0.00032,0.001598,0.00032,0.00032,0.997124
ACACCCGTAAATCTGT-1,0.000585,0.000585,0.16747,0.000585,0.174805,0.655971
ACACCGAGCGCTCTTT-1,0.000362,0.056646,0.093,0.059408,0.000362,0.790221
ACACCGGTCTGACCGC-1,0.000031,0.000031,0.000154,0.103445,0.729342,0.166997
ACACCTTAAGTAGGGC-1,0.000163,0.117134,0.392758,0.000163,0.000163,0.489618
ACACCTTACTACTTGC-1,0.000025,0.00764,0.87437,0.031398,0.07694,0.009626
ACACGAGACTCCTTCT-1,0.000114,0.000114,0.138506,0.243638,0.060567,0.55706
ACACGGCACTATGCAT-1,0.000136,0.000136,0.949658,0.000136,0.000136,0.0498
ACACGGGAACTTAGGG-1,0.000441,0.000441,0.170901,0.177197,0.18814,0.46288
ACACGTAGGCCACAAG-1,0.000338,0.099233,0.00169,0.02445,0.000338,0.873952
ACACTCCAATGTCACT-1,0.000483,0.000483,0.426447,0.000483,0.000483,0.57162
ACACTGATCAAGGTGT-1,0.000012,0.025395,0.908923,0.04796,0.001307,0.016403
ACACTGGGACAGTCGT-1,0.00047,0.075714,0.002348,0.00047,0.000525,0.920473
ACAGAACTGAGAACAA-1,0.000017,0.013787,0.609548,0.29208,0.069915,0.014652
ACAGATTAGGTTAGTG-1,0.000885,0.086293,0.298151,0.072437,0.000885,0.541349
ACAGCATAGAGCCAGT-1,0.000476,0.000476,0.271597,0.000476,0.054749,0.672225
ACAGCGACATTCTCAT-1,0.00042,0.00042,0.002101,0.00042,0.007286,0.989352
ACAGCGCACCCGCAGC-1,0.000503,0.000503,0.164225,0.025782,0.000503,0.808485
ACAGGAGGCGCAGCCG-1,0.000254,0.000254,0.001269,0.000254,0.075163,0.922806
ACAGGCTTGCCCGACT-1,0.000056,0.03155,0.533848,0.030478,0.079105,0.324964
ACAGGTGGAGGTGAGG-1,0.000019,0.023867,0.839088,0.060135,0.068802,0.008089
ACAGGTGTGTTGTTGC-1,0.000051,0.01144,0.438559,0.08679,0.110227,0.352934
ACAGTAATACAACTTG-1,0.000042,0.000042,0.458162,0.324161,0.127682,0.089912
ACAGTATACCGTGGGA-1,0.001613,0.001613,0.008067,0.001613,0.001613,0.98548
ACAGTGCAGCGCATTT-1,0.001563,0.001563,0.007815,0.001563,0.001563,0.985934
ACATAAGTCGTGGTGA-1,0.000069,0.031889,0.194379,0.033684,0.665098,0.074881
ACATAATAAGGCGGTG-1,0.000515,0.000516,0.002578,0.000516,0.000516,0.99536
ACATACAATCAAGCGG-1,0.000026,0.969238,0.030658,0.000026,0.000026,0.000026
ACATCAGCTGGGACGC-1,0.000108,0.000108,0.627601,0.000108,0.000108,0.371969
ACATCCCGGCCATACG-1,0.000031,0.023212,0.693011,0.144853,0.064936,0.073956
ACATCCTGGTAACTGT-1,0.000021,0.000021,0.930871,0.011013,0.04188,0.016194
ACATCGATCGTTTACC-1,0.000054,0.044969,0.698196,0.094484,0.117243,0.045054
ACATCGCAATATTCGG-1,0.000057,0.113084,0.480694,0.000057,0.406051,0.000057
ACATCGGTCAGCCGCG-1,0.000039,0.000039,0.522687,0.195356,0.167853,0.114027
ACATCGTATGCAATGG-1,0.000045,0.000045,0.629332,0.116109,0.151845,0.102623
ACATCGTTAACCTAGT-1,0.000893,0.000893,0.004466,0.000893,0.215749,0.777106
ACATCTCAACGCGTAA-1,0.000201,0.000201,0.178609,0.108972,0.015468,0.696548
ACATGCTTACGGCAGC-1,0.000024,0.000024,0.26937,0.000024,0.716607,0.013952
ACATGGCGCCAAAGTA-1,0.000015,0.015444,0.439143,0.504034,0.018955,0.02241
ACATGGCTCAATTTAG-1,0.000572,0.000572,0.308907,0.000572,0.000572,0.688806
ACATTAGTTTATATCC-1,0.000039,0.026002,0.760255,0.14724,0.066424,0.000039
ACATTCGCGCGGAATA-1,0.000036,0.000036,0.045936,0.001735,0.947989,0.004268
ACATTTGAAACCTAAC-1,0.000011,0.999898,0.000056,0.000011,0.000011,0.000011
ACCAAACACCCAGCGA-1,0.000295,0.000295,0.071955,0.000295,0.141323,0.785836
ACCAAACTAGAAATCC-1,0.000314,0.000314,0.167017,0.000314,0.000314,0.831728
ACCAACACCACACACT-1,0.000544,0.000544,0.400393,0.000544,0.000544,0.597432
ACCAACCGCACTCCAC-1,0.000127,0.044553,0.127604,0.000127,0.00013,0.827459
ACCAACGCTTATTTAT-1,0.000027,0.025444,0.704626,0.096782,0.107331,0.065791
ACCAAGAACGCGTGTC-1,0.000089,0.04932,0.026542,0.392756,0.002697,0.528596
ACCAAGTCATCGGCAG-1,0.000048,0.976789,0.004024,0.000048,0.000048,0.019044
ACCAATATGCAAGTTA-1,0.000114,0.051411,0.365894,0.029354,0.085201,0.468025
ACCACAACTCAGAACA-1,0.00099,0.00099,0.004952,0.00099,0.000991,0.991087
ACCACAAGTTTCTATC-1,0.000251,0.045896,0.166811,0.33906,0.113535,0.334447
ACCACACGGTTGATGG-1,0.000033,0.145645,0.151889,0.000033,0.701885,0.000515
ACCACCAATGTAACAA-1,0.000016,0.017843,0.689095,0.126234,0.116928,0.049883
ACCACCCTCTCTTCTA-1,0.000516,0.000516,0.002578,0.393265,0.000516,0.60261
ACCACGTGCAGCTATA-1,0.000044,0.010129,0.607815,0.230922,0.035675,0.115416
ACCACTGTTCAAGAAG-1,0.00009,0.00009,0.872733,0.00009,0.00009,0.126906
ACCAGACCATAACAAC-1,0.00002,0.022822,0.261965,0.086894,0.041327,0.586972
ACCAGCCCGGTCTTTG-1,0.000184,0.000184,0.263554,0.000184,0.000184,0.73571
ACCAGGAGTGTGATCT-1,0.000439,0.000439,0.190244,0.000439,0.000439,0.808001
ACCAGTGCCCGGTCAA-1,0.001282,0.001282,0.006412,0.001282,0.501281,0.48846
ACCAGTGCGGGAGACG-1,0.000036,0.000036,0.754086,0.083212,0.082898,0.079732
ACCATATCCGCAATAA-1,0.000025,0.025753,0.211548,0.661337,0.056869,0.044468
ACCATCCGCCAACTAG-1,0.000017,0.01296,0.605746,0.375814,0.00016,0.005302
ACCATCGTATATGGTA-1,0.000025,0.009227,0.590282,0.307975,0.085133,0.007358
ACCATTAAGGGTGTCA-1,0.000952,0.000953,0.004763,0.000953,0.000953,0.991426
ACCCAACGCCCGTGGC-1,0.000063,0.000063,0.149802,0.166554,0.007337,0.676181
ACCCACCTACATGCTC-1,0.001111,0.001111,0.005557,0.001111,0.220587,0.770522
ACCCATCTTGAGGGTA-1,0.000046,0.038054,0.425942,0.420422,0.00845,0.107085
ACCCATTTGTCCCTCT-1,0.000226,0.000226,0.191563,0.000226,0.000226,0.807534
ACCCGAGCGAAATTAC-1,0.00004,0.138791,0.33661,0.012994,0.447722,0.063843
ACCCGATTGGTTCCGA-1,0.000074,0.000586,0.000369,0.151856,0.7046,0.142515
ACCCGGAAACTCCCAG-1,0.000136,0.000136,0.215188,0.127109,0.146475,0.510956
ACCCGGAGCACCACAA-1,0.000581,0.000582,0.002908,0.211984,0.000582,0.783363
ACCCGGATGACGCATC-1,0.000017,0.000017,0.99253,0.003515,0.000523,0.003399
ACCCGGTTACACTTCC-1,0.000035,0.013016,0.47787,0.413121,0.075255,0.020703
ACCCGTAGCAGAGAAT-1,0.000031,0.057325,0.148287,0.427936,0.326661,0.039759
ACCCGTAGTCTAGTTG-1,0.000128,0.474563,0.10695,0.000128,0.000128,0.418103
ACCCGTGTCATCAGTA-1,0.000073,0.061474,0.486909,0.007129,0.056017,0.388398
ACCCTATAGGACTGAG-1,0.000662,0.073179,0.003312,0.000662,0.000663,0.921521
ACCCTATGCCATATCG-1,0.000035,0.006256,0.805298,0.022459,0.044969,0.120983
ACCCTCCCGTCAGGGC-1,0.000062,0.847342,0.042563,0.032368,0.000062,0.077602
ACCCTCCCTTGCTATT-1,0.00002,0.007882,0.962691,0.00002,0.004719,0.024668
ACCCTGGTAACGCCCT-1,0.001754,0.001755,0.008774,0.001755,0.001755,0.984206
ACCCTTCATCTGCGAA-1,0.000082,0.000082,0.953724,0.000082,0.000082,0.045948
ACCCTTGCCTGGGTCG-1,0.000877,0.000877,0.004387,0.000877,0.205836,0.787145
ACCCTTTAGTTCTCCA-1,0.000444,0.000445,0.357275,0.000445,0.000445,0.640947
ACCGAAAGGGCCCTGC-1,0.001075,0.001076,0.005378,0.001076,0.192294,0.799102
ACCGAAGAGTCTGGTT-1,0.000032,0.023863,0.457199,0.000032,0.512287,0.006587
ACCGACACATCTCCCA-1,0.000086,0.103117,0.517233,0.000086,0.000086,0.37939
ACCGACTGAGTCCCAC-1,0.000252,0.038356,0.00126,0.358045,0.015635,0.586451
ACCGAGTCTCCTTATT-1,0.000168,0.393904,0.000839,0.141419,0.419833,0.043837
ACCGATAGGCATAACC-1,0.000633,0.093637,0.003165,0.000633,0.000633,0.901299
ACCGATATTTAATCAT-1,0.00019,0.072154,0.564418,0.000191,0.000191,0.362856
ACCGATGGTAGCATCG-1,0.000033,0.016104,0.600977,0.37162,0.011234,0.000033
ACCGCAATAACTGCCT-1,0.000015,0.011611,0.908905,0.000343,0.000015,0.079112
ACCGCGGTGGAAGTCG-1,0.000022,0.011601,0.695061,0.14414,0.087931,0.061245
ACCGCTAGTCATTGGT-1,0.000042,0.000042,0.000211,0.026512,0.809369,0.163823
ACCGGGCCTTTGTTGA-1,0.000019,0.005922,0.902534,0.014253,0.03503,0.042241
ACCGGTCAGGTACACC-1,0.000064,0.056509,0.127942,0.098925,0.654781,0.061779
ACCGGTCTGAGTACGG-1,0.000847,0.000848,0.004239,0.000848,0.224722,0.768496
ACCGTCCACTGGGCCC-1,0.000054,0.000055,0.15061,0.009025,0.812603,0.027653
ACCGTGACCACGTGGG-1,0.000046,0.460115,0.115404,0.154697,0.031733,0.238005
ACCGTTCCCGCTCTGA-1,0.001667,0.098078,0.008335,0.001667,0.001667,0.888585
ACCTAAGTACCTTTCA-1,0.000022,0.023472,0.523484,0.406459,0.031098,0.015465
ACCTAATCGACTTCCT-1,0.000242,0.000242,0.300331,0.000242,0.000242,0.6987
ACCTACAGTATGTGGT-1,0.000019,0.000019,0.950609,0.000019,0.000019,0.049314
ACCTACTATAAATCTA-1,0.00006,0.087864,0.158034,0.001484,0.720835,0.031721
ACCTCAGCGAGGCGCA-1,0.000195,0.822018,0.177204,0.000195,0.000195,0.000195
ACCTCCGCCCTCGCTG-1,0.000288,0.02988,0.407681,0.109658,0.003934,0.44856
ACCTCCGTTATTCACC-1,0.000024,0.013071,0.815234,0.161167,0.009063,0.001441
ACCTCGAACTTATGCT-1,0.000076,0.000076,0.000379,0.101772,0.881752,0.015945
ACCTGCGTGTCATGTT-1,0.000038,0.000038,0.306293,0.42781,0.169275,0.096547
ACCTTTCCTTTAGAAG-1,0.000629,0.062581,0.003145,0.000629,0.000629,0.932387
ACGAAATGGGCGGCAC-1,0.001,0.001,0.005002,0.001,0.001,0.990997
ACGACCCATGAGTTGC-1,0.000376,0.000376,0.071733,0.000376,0.102723,0.824416
ACGACTCTAGGGCCGA-1,0.000047,0.831373,0.000234,0.031213,0.000047,0.137085
ACGACTGGTCATACTC-1,0.000037,0.093741,0.146586,0.070497,0.613073,0.076066
ACGAGAACCCATCACG-1,0.000415,0.000415,0.002075,0.000415,0.000415,0.996265
ACGAGATATTTGCTTA-1,0.002703,0.002703,0.344123,0.002703,0.002704,0.645063
ACGAGGATACCACTCT-1,0.000025,0.000025,0.532449,0.206008,0.202102,0.059391
ACGAGGTTTACAACGT-1,0.000062,0.104554,0.061447,0.173216,0.553323,0.107397
ACGAGTACGGATGCCC-1,0.000095,0.000095,0.226865,0.484259,0.069439,0.219248
ACGAGTCGCCGGCGTT-1,0.003333,0.003334,0.016671,0.003334,0.003334,0.969993
ACGATACATAGAACTA-1,0.000476,0.000476,0.316206,0.000476,0.086874,0.595491
ACGATACCTATCCTGA-1,0.000133,0.009319,0.000665,0.111156,0.08221,0.796517
ACGATCATACATAGAG-1,0.000943,0.000944,0.004718,0.10605,0.000944,0.886401
ACGATCATCTTGTAAA-1,0.000019,0.004367,0.751051,0.241791,0.002753,0.000019
ACGATGCATATGTTAT-1,0.000075,0.000075,0.197617,0.415586,0.113311,0.273336
ACGATGGATCCGATGC-1,0.000138,0.000138,0.999308,0.000138,0.000138,0.000138
ACGCAAACTAATAGAT-1,0.000053,0.100348,0.193199,0.10934,0.559837,0.037223
ACGCAATCACTACAGC-1,0.000526,0.053116,0.002632,0.000526,0.000526,0.942673
ACGCATAAATGACATG-1,0.002942,0.002942,0.01471,0.002942,0.002942,0.973522
ACGCATACGTTTACTA-1,0.000226,0.098209,0.24933,0.000226,0.000226,0.651785
ACGCATTCGTGAGTAC-1,0.000095,0.000095,0.004252,0.3645,0.140092,0.490967
ACGCCACTCGAAACAG-1,0.000017,0.061258,0.049376,0.008714,0.875129,0.005506
ACGCCAGATGATTTCT-1,0.000474,0.000474,0.00237,0.000474,0.000474,0.995734
ACGCCAGTGCGTTTGC-1,0.000029,0.999742,0.000143,0.000029,0.000029,0.000029
ACGCCCAGCTGTCGAT-1,0.000182,0.000182,0.061666,0.000182,0.127155,0.810635
ACGCCGCTAGACGACC-1,0.000014,0.000014,0.930579,0.060086,0.009293,0.000014
ACGCCTGACACGCGCT-1,0.001333,0.001334,0.006669,0.001334,0.17237,0.816961
ACGCGAAGTCAGACGA-1,0.000026,0.054838,0.65335,0.166762,0.108876,0.016148
ACGCGCTACACAGGGT-1,0.000019,0.00382,0.813141,0.116285,0.03475,0.031985
ACGCGGGCCAAGGACA-1,0.000051,0.000051,0.110207,0.256362,0.097777,0.535551
ACGCGTTTCTTAAGAG-1,0.000125,0.000125,0.226852,0.120914,0.000125,0.651859
ACGCTACTGAATGGGC-1,0.000018,0.77084,0.077571,0.041152,0.109636,0.000783
ACGCTAGTATCAGTGC-1,0.000083,0.000083,0.933968,0.000083,0.000083,0.0657
ACGCTAGTGATACACT-1,0.000054,0.021439,0.59925,0.223587,0.095533,0.060136
ACGCTGTGAGGCGTAG-1,0.000057,0.000057,0.125414,0.526757,0.114803,0.232912
ACGCTTAGTGTCTCTC-1,0.000453,0.000453,0.002263,0.000453,0.000453,0.995926
ACGGAACACGAGTGCC-1,0.000017,0.999845,0.000086,0.000017,0.000017,0.000017
ACGGAATTTAGCAAAT-1,0.000355,0.066872,0.001774,0.25747,0.032252,0.641279
ACGGACGCAGCGACAA-1,0.000025,0.015592,0.005701,0.090779,0.843695,0.044209
ACGGACTCTCAAAGCG-1,0.000356,0.235021,0.012543,0.000356,0.000356,0.751368
ACGGATGGTGCGGATA-1,0.000124,0.084366,0.351906,0.027941,0.003871,0.531793
ACGGCACTTGCTTGGG-1,0.000066,0.016738,0.281438,0.356317,0.140568,0.204873
ACGGCCAACATGGACT-1,0.000018,0.025839,0.654979,0.185329,0.076554,0.057282
ACGGCGACGATGGGAA-1,0.000015,0.001589,0.936062,0.000015,0.000015,0.062305
ACGGCGGGTTGCCCTG-1,0.002,0.002,0.010003,0.002001,0.361101,0.622895
ACGGCTGGATGTAGAA-1,0.000024,0.01391,0.356429,0.007479,0.621326,0.000832
ACGGGAGTGTCGGCCC-1,0.000025,0.000025,0.629428,0.103334,0.214829,0.052359
ACGGGCGTATGCGACA-1,0.000901,0.000901,0.004506,0.000901,0.000901,0.991889
ACGGGTCATGTGACTT-1,0.000276,0.000276,0.128657,0.000276,0.000276,0.870238
ACGGGTTGTGACCTGT-1,0.000107,0.026092,0.000535,0.150906,0.822253,0.000107
ACGGTCACCGAGAACA-1,0.000028,0.000028,0.141925,0.070063,0.751339,0.036617
ACGTACAGATTTCTCT-1,0.000356,0.018822,0.145713,0.000356,0.000356,0.834397
ACGTACTTTGGCACGG-1,0.000046,0.036813,0.000231,0.150054,0.686763,0.126093
ACGTAGATTGCTGATG-1,0.000081,0.000081,0.228995,0.344466,0.087265,0.339112
ACGTAGGAGAGTCGCT-1,0.000039,0.07193,0.331012,0.064267,0.53269,0.000062
ACGTATTACTCCGATC-1,0.000042,0.000042,0.643115,0.247795,0.03595,0.073055
ACGTCCTAAACGAGAT-1,0.00069,0.00069,0.003449,0.00069,0.00069,0.993792
ACGTCGGGCAACTCGG-1,0.000043,0.001566,0.000215,0.45633,0.498435,0.043411
ACGTCTCGTTCCGGGA-1,0.000039,0.024771,0.001092,0.687904,0.077661,0.208533
ACGTGACAAAGTAAGT-1,0.000021,0.519498,0.154069,0.181244,0.0452,0.099968
ACGTGCGCCTCGTGCA-1,0.000352,0.000352,0.154111,0.031516,0.000352,0.813316
ACGTGGTCGAATGTGC-1,0.000375,0.064006,0.001873,0.000375,0.080904,0.852467
ACGTTAATGTCGAAGA-1,0.000025,0.000025,0.815878,0.089107,0.054401,0.040564
ACGTTAGATTTGCCCG-1,0.000079,0.000079,0.350774,0.427479,0.138908,0.082681
ACGTTATTGGTCACTC-1,0.001124,0.001124,0.00562,0.001124,0.001124,0.989885
ACGTTCACTATGCCGC-1,0.000039,0.000039,0.040208,0.000039,0.950501,0.009172
ACGTTCCGCGCTCCGT-1,0.00069,0.00069,0.003449,0.00069,0.33404,0.660441
ACGTTCGCAATCAATT-1,0.000022,0.043777,0.613392,0.308633,0.013265,0.020912
ACGTTCGTTCAGGAAA-1,0.000012,0.861658,0.061635,0.053359,0.004423,0.018912
ACGTTCTGTACAAGTC-1,0.000132,0.158692,0.060181,0.000132,0.000132,0.780731
ACGTTGTCGTTGAAAG-1,0.000034,0.013649,0.00017,0.065628,0.841197,0.079322
ACGTTTAGTTGTGATC-1,0.000321,0.036613,0.104228,0.0902,0.016643,0.751996
ACGTTTCGGTGCACTT-1,0.000021,0.795373,0.072371,0.008781,0.123434,0.000021
ACTAAGGACGCACACC-1,0.001316,0.001316,0.006581,0.001316,0.001316,0.988155
ACTAATACGTCAGGCG-1,0.001064,0.001064,0.005321,0.001064,0.001064,0.990423
ACTACAAAGAGAGGTG-1,0.000044,0.000044,0.116337,0.010212,0.847209,0.026155
ACTACATCCCGACAAG-1,0.000026,0.024704,0.07867,0.048916,0.807174,0.040511
ACTACCAGCTCTCTGG-1,0.000556,0.000556,0.51369,0.000556,0.000556,0.484087
ACTACCATCCGAGGGC-1,0.000039,0.000039,0.000197,0.000039,0.97254,0.027144
ACTACGCGTTAGAATT-1,0.000019,0.535108,0.407094,0.001765,0.009148,0.046867
ACTAGTTGCGATCGTC-1,0.000062,0.020173,0.540852,0.168542,0.123396,0.146976
ACTATATGCTGTGTTC-1,0.00049,0.113224,0.637462,0.00049,0.00049,0.247843
ACTATCCAGGGCATGG-1,0.000021,0.012904,0.794055,0.142413,0.038374,0.012233
ACTATCGCCGGCTAAA-1,0.000121,0.111914,0.123107,0.000121,0.000121,0.764616
ACTATCTGCCCGCGTA-1,0.000267,0.000267,0.290343,0.334834,0.046114,0.328175
ACTATGTCCAGCTGCC-1,0.000061,0.007976,0.000307,0.140848,0.522425,0.328382
ACTATTCGTCCGTGGT-1,0.000424,0.055715,0.276182,0.000424,0.127539,0.539717
ACTATTTCCGGGCCCA-1,0.000027,0.590534,0.303721,0.012585,0.000059,0.093073
ACTCAACGAATGTATT-1,0.001493,0.001493,0.007465,0.001493,0.001493,0.986564
ACTCAAGTGCAAGGCT-1,0.000317,0.000318,0.14781,0.000318,0.03032,0.820917
ACTCAATAAAGGCACG-1,0.000262,0.000262,0.696401,0.000262,0.000262,0.302552
ACTCAGACCTGCTTCT-1,0.000131,0.000131,0.408453,0.000131,0.000131,0.591022
ACTCATGGCAGCCTTC-1,0.000043,0.000043,0.000215,0.077766,0.728037,0.193895
ACTCCAATATCATCAT-1,0.00007,0.032963,0.236944,0.00007,0.541192,0.188761
ACTCCCATTCCTAAAG-1,0.000022,0.007739,0.118782,0.856697,0.003745,0.013015
ACTCCCGAATTCGTTT-1,0.000027,0.015166,0.769645,0.088828,0.079067,0.047268
ACTCCCGTAGACTAGG-1,0.00137,0.00137,0.006852,0.00137,0.00137,0.987668
ACTCCCTAATGCTAAA-1,0.000061,0.000061,0.676118,0.000061,0.130718,0.19298
