Barcode,Topic 1,Topic 2,Topic 3to9
AAACAAGTATCTCCCA-1,0.5542,0.440645,0.005155
AAACAATCTACTAGCA-1,0.156785,0.72259,0.120625
AAACACCAATAACTGC-1,0.195792,0.719437,0.084771
AAACAGAGCGACTCCT-1,0.044698,0.117406,0.837896
AAACAGCTTTCAGAAG-1,0.321588,0.244062,0.43435
AAACAGGGTCTATATT-1,0.346697,0.650563,0.00274
AAACATGGTGAGAGGA-1,0.074399,0.915226,0.010375
AAACATTTCCCGGATT-1,0.408194,0.588268,0.003538
AAACCACTACACAGAT-1,0.03501,0.343159,0.621831
AAACCCGAACGAAATC-1,0.019649,0.724155,0.256195
AAACCGGAAATGTTAA-1,0.050835,0.428971,0.520194
AAACCGGGTAGGTACC-1,0.252816,0.743847,0.003337
AAACCGTTCGTCCAGG-1,0.007143,0.193637,0.79922
AAACCTAAGCAGCCGG-1,0.123455,0.073956,0.802589
AAACCTCATGAAGTTG-1,0.000426,0.73989,0.259684
AAACGAAGAACATACC-1,0.082743,0.340855,0.576401
AAACGAAGATGGAGTA-1,0.220525,0.696825,0.08265
AAACGAGACGGTTGAT-1,0.000038,0.256797,0.743165
AAACGCCCGAGATCGG-1,0.020727,0.07292,0.906353
AAACGCTGGGCACGAC-1,0.193633,0.19839,0.607977
AAACGGGCGTACGGGT-1,0.241011,0.757589,0.0014
AAACGGGTTGGTATCC-1,0.059002,0.700221,0.240776
AAACGTGTTCGCCCTA-1,0.004111,0.553015,0.442873
AAACTAACGTGGCGAC-1,0.022747,0.08289,0.894362
AAACTCGGTTCGCAAT-1,0.01223,0.306297,0.681473
AAACTCGTGATATAAG-1,0.189572,0.349062,0.461366
AAACTGCTGGCTCCAA-1,0.004423,0.128088,0.867489
AAACTTAATTGCACGC-1,0.378466,0.618331,0.003203
AAACTTGCAAACGTAT-1,0.000376,0.848244,0.15138
AAAGAATGACCTTAGA-1,0.046174,0.95164,0.002186
AAAGAATGTGGACTAA-1,0.687434,0.266529,0.046037
AAAGACCCAAGTCGCG-1,0.188095,0.810608,0.001297
AAAGACTGGGCGCTTT-1,0.208958,0.538071,0.25297
AAAGCTTGCCTACATA-1,0.010931,0.387584,0.601485
AAAGGCCCTATAATAC-1,0.544609,0.449539,0.005852
AAAGGCTACGGACCAT-1,0.000024,0.029247,0.970728
AAAGGCTCTCGCGCCG-1,0.03355,0.258358,0.708092
AAAGGGATGTAGCAAG-1,0.021068,0.08442,0.894513
AAAGGGCAGCTTGAAT-1,0.119087,0.876252,0.00466
AAAGGTAAGCTGTACC-1,0.080831,0.141688,0.77748
AAAGTAGCATTGCTCA-1,0.063687,0.92966,0.006652
AAAGTCACTGATGTAA-1,0.143886,0.574238,0.281876
AAAGTCGACCCTCAGT-1,0.100967,0.617616,0.281416
AAAGTGCCATCAATTA-1,0.16545,0.680502,0.154049
AAAGTGTGATTTATCT-1,0.357843,0.546673,0.095484
AAAGTTGACTCCCGTA-1,0.42167,0.516261,0.062069
AAATAACCATACGGGA-1,0.00409,0.097496,0.898414
AAATAAGGTAGTGCCC-1,0.000029,0.690595,0.309376
AAATACCTATAAGCAT-1,0.021315,0.249034,0.72965
AAATAGCTTAGACTTT-1,0.194156,0.804299,0.001544
AAATAGGGTGCTATTG-1,0.024981,0.2769,0.698119
AAATCCGATACACGCC-1,0.112301,0.453217,0.434483
AAATCGCGGAAGGAGT-1,0.287207,0.707153,0.005639
AAATCGTGTACCACAA-1,0.053892,0.198394,0.747714
AAATCTAGCCCTGCTA-1,0.436131,0.553208,0.01066
AAATCTGCCCGCGTCC-1,0.068372,0.840553,0.091075
AAATGACTGATCAAAC-1,0.043558,0.182119,0.774323
AAATGATTCGATCAGC-1,0.025172,0.275678,0.69915
AAATGCTCGTTACGTT-1,0.14871,0.846601,0.004688
AAATGGCATGTCTTGT-1,0.001059,0.219155,0.779787
AAATGGCCCGTGCCCT-1,0.210338,0.785314,0.004348
AAATGGTCAATGTGCC-1,0.063058,0.317194,0.619748
AAATGTATCTTATCCC-1,0.093662,0.486751,0.419588
AAATGTGGGTGCTCCT-1,0.265787,0.429734,0.304479
AAATTAACGGGTAGCT-1,0.00005,0.026388,0.973562
AAATTAATAAGCGCGA-1,0.052306,0.784925,0.16277
AAATTACACGACTCTG-1,0.00429,0.10871,0.887
AAATTACCTATCGATG-1,0.068575,0.232044,0.699382
AAATTCCAGGTCCAAA-1,0.000025,0.463371,0.536604
AAATTGATAGTCCTTT-1,0.037616,0.960759,0.001625
AAATTGCGGCGGTTCT-1,0.12901,0.86633,0.00466
AAATTGGTGAGAAGCA-1,0.004412,0.705043,0.290544
AAATTTACCGAAATCC-1,0.000043,0.301517,0.69844
AAATTTGCGGGTGTGG-1,0.178575,0.709135,0.11229
AACAACTGGTAGTTGC-1,0.00722,0.206402,0.786378
AACAATACATTGTCGA-1,0.055225,0.482909,0.461866
AACAATTACTCTACGC-1,0.270149,0.726452,0.003399
AACACACGCTCGCCGC-1,0.351223,0.272989,0.375788
AACACGACTGTACTGA-1,0.000066,0.418053,0.581881
AACACGAGACGCGGCC-1,0.178915,0.147815,0.67327
AACACGCGGCCGCGAA-1,0.167886,0.827562,0.004551
AACAGCTGTGTGGCAA-1,0.116009,0.882973,0.001017
AACAGGAAATCGAATA-1,0.03481,0.162528,0.802662
AACAGGTAGTATGGAT-1,0.166303,0.652978,0.180719
AACATAGCGTGTATCG-1,0.048435,0.530392,0.421173
AACATATCAACTGGTG-1,0.014758,0.120869,0.864373
AACATCGATACGTCTA-1,0.012301,0.22278,0.764919
AACATTGAAGTTGATC-1,0.243235,0.643212,0.113553
AACATTGGTCAGCCGT-1,0.164918,0.577854,0.257228
AACATTGTGACTCGAG-1,0.053522,0.02226,0.924218
AACCAAGACTTCTCTG-1,0.325578,0.385485,0.288937
AACCAGTATCACTCTT-1,0.007523,0.05381,0.938667
AACCATAGGGTTGAAC-1,0.001059,0.991528,0.007413
AACCATGGGATCGCTA-1,0.258524,0.739021,0.002455
AACCCAGAGACGGAGA-1,0.167495,0.743501,0.089004
AACCCATCCCATGATC-1,0.00095,0.992397,0.006652
AACCCGACAACCCGTG-1,0.02527,0.174833,0.799898
AACCCGAGCAGAATCG-1,0.836606,0.000047,0.163346
AACCCGATAGGGCTTC-1,0.000079,0.478653,0.521267
AACCCGCTGTATTCCA-1,0.000031,0.226492,0.773477
AACCCTACTGTCAATA-1,0.318492,0.361698,0.319809
AACCCTGGTGGAACCA-1,0.071622,0.138582,0.789796
AACCGAGCTTGGTCAT-1,0.019043,0.21677,0.764187
AACCGCTAAGGGATGC-1,0.338321,0.605861,0.055817
AACCGTTGTGTTTGCT-1,0.000062,0.375048,0.62489
AACCTCGCTTTAGCCC-1,0.02076,0.347403,0.631837
AACCTGTCACGGAATT-1,0.000034,0.371248,0.628719
AACCTTTACGACGTCT-1,0.00003,0.035885,0.964085
AACGAAAGTCGTCCCA-1,0.001766,0.985882,0.012352
AACGACCTCCTAGCCG-1,0.853591,0.000049,0.14636
AACGATAATGCCGTAG-1,0.008636,0.073302,0.918063
AACGATAGAAGGGCCG-1,0.40195,0.306739,0.291312
AACGATATGTCAACTG-1,0.000028,0.100514,0.899458
AACGCATGATCTGGGT-1,0.088829,0.148196,0.762976
AACGCGAACGGCAACA-1,0.287415,0.708401,0.004184
AACGCGGTCTCCAGCC-1,0.007905,0.052912,0.939183
AACGCTGTTGCTGAAA-1,0.401668,0.434661,0.163671
AACGGACGTACGTATA-1,0.20213,0.511951,0.285919
AACGGCCATCTCCGGT-1,0.019786,0.330377,0.649837
AACGTCAGACTAGTGG-1,0.399817,0.166387,0.433796
AACGTCATCCGGCTTG-1,0.002418,0.000089,0.997493
AACGTCGCTGCACTTC-1,0.936755,0.000125,0.06312
AACGTGATGAAGGACA-1,0.017226,0.143322,0.839452
AACGTGCGAAAGTCTC-1,0.013814,0.066498,0.919689
AACGTTATCAGCACCT-1,0.082534,0.785311,0.132155
AACGTTCTACCATTGT-1,0.526357,0.297857,0.175786
AACTACCCGTTTGTCA-1,0.091737,0.570486,0.337777
AACTAGCGTATCGCAC-1,0.303385,0.665435,0.03118
AACTAGGCTTGGGTGT-1,0.000089,0.042247,0.957665
AACTCAAGTTAATTGC-1,0.016072,0.233968,0.74996
AACTCCAGAGCGTGTT-1,0.276681,0.480502,0.242818
AACTCCTAATCCCATG-1,0.003149,0.04451,0.952342
AACTCGATGGCGCAGT-1,0.491949,0.502531,0.00552
AACTCTCAATAGAGCG-1,0.106001,0.282861,0.611138
AACTCTCAGTGTGCTC-1,0.010712,0.014363,0.974926
AACTGAGGTCAGCGTC-1,0.000056,0.15035,0.849594
AACTGAGTTATACTGA-1,0.002291,0.456733,0.540975
AACTGATATTAGGCCT-1,0.013473,0.21596,0.770567
AACTGGGTCCCGACGT-1,0.000046,0.156548,0.843406
AACTGGGTTCGAGCCG-1,0.099486,0.167208,0.733306
AACTGGTGTGGGCCTT-1,0.126355,0.63874,0.234904
AACTTCTGCGTCTATC-1,0.060053,0.356746,0.583201
AACTTGCCCGTATGCA-1,0.288552,0.469416,0.242032
AACTTGCGTTCTCGCG-1,0.198553,0.307398,0.49405
AACTTTACGGGAGCTT-1,0.096716,0.604039,0.299245
AACTTTAGCTGCTGAG-1,0.238789,0.461688,0.299524
AACTTTCTCGATCATG-1,0.000056,0.512154,0.48779
AAGAAAGTTTGATGGG-1,0.001002,0.991987,0.007011
AAGAAATCACCAGATT-1,0.022304,0.389834,0.587862
AAGAAGGATCAGTTAG-1,0.000576,0.995391,0.004033
AAGACATACGTGGTTT-1,0.793972,0.000058,0.20597
AAGACCAAATAACTCA-1,0.138543,0.860799,0.000658
AAGACCCAACTGAACA-1,0.000021,0.219633,0.780346
AAGACTAACCCGTTGT-1,0.071464,0.925266,0.00327
AAGACTGCAAGCTACT-1,0.022607,0.065489,0.911905
AAGAGATGAATCGGTA-1,0.000501,0.995993,0.003506
AAGAGCTCTTTATCGG-1,0.104442,0.004923,0.890635
AAGAGGATGTACGCGA-1,0.269854,0.000501,0.729645
AAGAGGCATGGATCGC-1,0.000015,0.000015,0.999971
AAGAGGCCCTTTGGAA-1,0.719337,0.130928,0.149735
AAGATGGCACCGGACC-1,0.036243,0.235622,0.728135
AAGATTGGCGGAACGT-1,0.001883,0.04297,0.955147
AAGCACCCTGCGTATC-1,0.001797,0.267655,0.730547
AAGCATACTCTCCTGA-1,0.000015,0.000015,0.999971
AAGCCACTTGCAGGTA-1,0.570662,0.291433,0.137904
AAGCCGAAGCGGTTTA-1,0.402758,0.481414,0.115828
AAGCCGCCGTGAAATC-1,0.113545,0.280934,0.605521
AAGCCGCTTTACCTTG-1,0.000067,0.477274,0.522659
AAGCCGGAGAGCAGGA-1,0.061849,0.602338,0.335812
AAGCGCAGGGCTTTGA-1,0.003358,0.041701,0.954941
AAGCGGAGTGCGCGCA-1,0.000031,0.496577,0.503393
AAGCGGCGTCATGGGT-1,0.003926,0.229893,0.766181
AAGCGTCCCTCATCGA-1,0.082771,0.503391,0.413838
AAGCTAGATCGAGTAA-1,0.013127,0.060741,0.926132
AAGCTATGGATTGACC-1,0.235297,0.468881,0.295822
AAGCTCGTGCCAAGTC-1,0.000016,0.000016,0.999967
AAGCTCTTTCATGGTG-1,0.000025,0.036203,0.963773
AAGGAGAACTTATAAG-1,0.375997,0.473375,0.150628
AAGGAGCGGTTGGTGC-1,0.000106,0.262269,0.737625
AAGGATCGATCGCTTG-1,0.000075,0.599432,0.400493
AAGGATGAGGGACCTC-1,0.017046,0.321413,0.661541
AAGGCAGGCTGTCTCC-1,0.123305,0.426801,0.449894
AAGGCGCGTAAAGCTT-1,0.254685,0.456506,0.288809
AAGGCTGTGCTCATCG-1,0.000036,0.00975,0.990214
AAGGGAACGACTGGCT-1,0.178857,0.815775,0.005368
AAGGGACAGATTCTGT-1,0.023489,0.123652,0.85286
AAGGGACTATGCATTC-1,0.001444,0.849888,0.148667
AAGGGTTAGCCATGCG-1,0.861214,0.000065,0.138721
AAGGGTTTGATTTCAG-1,0.001278,0.795013,0.203709
AAGGTATCCTAATATA-1,0.000024,0.001042,0.998934
AAGGTGATAAACCAGC-1,0.147531,0.440196,0.412273
AAGTAGAAGACCGGGT-1,0.118252,0.880361,0.001387
AAGTAGTGACGCGAGG-1,0.278423,0.543948,0.17763
AAGTCAATTGTCGTCA-1,0.088921,0.675093,0.235986
AAGTCTAGTAGCTGCC-1,0.017521,0.768618,0.213862
AAGTCTTCTGTGGCCT-1,0.000092,0.000092,0.999815
AAGTGACGACCGAATT-1,0.202071,0.279754,0.518175
AAGTGAGTCGGGTTTA-1,0.000031,0.291723,0.708246
AAGTGCAAAGGTAGAC-1,0.126801,0.471524,0.401675
AAGTGCCTTGACTGTA-1,0.570196,0.424909,0.004895
AAGTGCGTTAGAATCT-1,0.194064,0.799283,0.006653
AAGTGCTTCTCTATTG-1,0.114521,0.359146,0.526333
AAGTGTTTGGAGACGG-1,0.016839,0.233344,0.749817
AAGTTCACTCCAAGCT-1,0.062744,0.011463,0.925793
AAGTTCAGTCTGCGTA-1,0.01237,0.251069,0.736561
AAGTTCGGCCAACAGG-1,0.096439,0.810485,0.093076
AAGTTGTGATGTTATA-1,0.712625,0.249736,0.037639
AAGTTTACTAATGGCA-1,0.148548,0.299324,0.552128
AAGTTTATGGGCCCAA-1,0.022314,0.052339,0.925346
AATAACAACGCTCGGC-1,0.003178,0.974588,0.022235
AATAACACTAGAACAA-1,0.015563,0.110571,0.873865
AATAACGTCGCGCCCA-1,0.874977,0.000032,0.124991
AATAAGTCCTCGAGAC-1,0.061579,0.2341,0.704321
AATAATCTTCGTATCG-1,0.053593,0.891584,0.054822
AATACAATGTTTCAGG-1,0.00102,0.99184,0.00714
AATACCGGAGGGCTGT-1,0.028351,0.460039,0.51161
AATACCTGATGTGAAC-1,0.677033,0.295078,0.027889
AATAGAACAGAGTGGC-1,0.023068,0.255181,0.721751
AATAGAATCTGTTTCA-1,0.106543,0.210588,0.682869
AATAGCAAGCCTCCTG-1,0.068337,0.225239,0.706424
AATAGCTACCGCGTGC-1,0.000039,0.209793,0.790168
AATAGGCACGACCCTT-1,0.232745,0.765899,0.001356
AATAGTCCGTCCCGAC-1,0.003035,0.022927,0.974038
AATAGTCGCGAGTCGG-1,0.252897,0.66235,0.084753
AATATCAAGGTCGGAT-1,0.334544,0.664275,0.001181
AATATCCTAGCAAACT-1,0.126827,0.343807,0.529366
AATATCGAATCAATGC-1,0.067521,0.38997,0.542509
AATATCGAGGGTTCTC-1,0.047451,0.417869,0.53468
AATATTGGAGTATTGA-1,0.074148,0.739823,0.186028
AATCAGACTGCAGGAC-1,0.263728,0.513424,0.222847
AATCAGGTTTCATTTA-1,0.164609,0.538015,0.297376
AATCATGTAAAGACTC-1,0.062789,0.361978,0.575233
AATCCAAGGGCCTGAG-1,0.201791,0.796567,0.001642
AATCCATGCAAGGGTG-1,0.273157,0.562984,0.163859
AATCCCGCTCAGAGCC-1,0.043341,0.200574,0.756085
AATCGAGGTCTCAAGG-1,0.034311,0.011222,0.954468
AATCGCCTCAGCGCCA-1,0.084175,0.130838,0.784988
AATCGCGCAGAGGACT-1,0.000027,0.495988,0.503984
AATCGGGACACTACGA-1,0.132127,0.309361,0.558511
AATCGGTATAGCCCTC-1,0.965037,0.000049,0.034914
AATCGTGAGCCGAGCA-1,0.089969,0.387915,0.522116
AATCTAGGTTTACTTG-1,0.039596,0.956715,0.003689
AATCTATGCCGGAGCC-1,0.022061,0.684402,0.293537
AATCTCTACTGTGGTT-1,0.089698,0.283578,0.626724
AATCTGCGTTGGGACG-1,0.08806,0.206854,0.705085
AATCTGGCTTTCTAGT-1,0.270309,0.406839,0.322853
AATCTGGGTAGACCCT-1,0.05918,0.09894,0.84188
AATGACAGCAATGTCT-1,0.242815,0.432195,0.32499
AATGACGTAGGATGTC-1,0.00002,0.00002,0.999961
AATGACTGTCAGCCGG-1,0.336291,0.417392,0.246316
AATGAGTTCGCATATG-1,0.108704,0.886491,0.004804
AATGATGATACGCTAT-1,0.033649,0.112054,0.854297
AATGATGCGACTCCTG-1,0.000086,0.388163,0.611751
AATGCAACCGGGTACC-1,0.014114,0.139441,0.846445
AATGCACCAAGCAATG-1,0.044813,0.278319,0.676867
AATGGCCGCCAATGCG-1,0.000172,0.303317,0.696511
AATGGTCCACCGTTCA-1,0.139009,0.854612,0.006379
AATGTATGGCACTGTA-1,0.205353,0.78993,0.004717
AATGTGCCCGAGGTGT-1,0.337178,0.652161,0.010661
AATGTGCTAATCTGAG-1,0.058078,0.826102,0.11582
AATGTTAAGACCCTGA-1,0.072112,0.338937,0.588952
AATTAAAGGTCGGCGT-1,0.031552,0.058845,0.909603
AATTAACGGATTTCCA-1,0.000037,0.026032,0.973931
AATTACGAGACCCATC-1,0.063958,0.920164,0.015877
AATTACTCGTACGCTC-1,0.128076,0.706577,0.165347
AATTAGCGCTGCAGCG-1,0.000021,0.000021,0.999957
AATTATACCCAGCAAG-1,0.16375,0.661885,0.174366
AATTCATAAGGGATCT-1,0.030733,0.092057,0.877211
AATTCATTGTCATGCA-1,0.296563,0.6812,0.022237
AATTCCAACTTGGTGA-1,0.001309,0.91587,0.082822
AATTCGATTCGAGGAT-1,0.021927,0.30904,0.669033
AATTCTAGAGTTAGGC-1,0.00002,0.00002,0.999959
AATTGAACGCTCTGGT-1,0.117674,0.405201,0.477125
AATTGCAGCAATCGAC-1,0.700034,0.139033,0.160934
AATTGCGTGGATTACA-1,0.149153,0.638233,0.212614
AATTGTGGTTGCCAAA-1,0.817337,0.000033,0.18263
AATTTGGGACATAGTA-1,0.240262,0.117061,0.642677
AATTTGGTTCCAAAGA-1,0.070623,0.009309,0.920068
ACAAACCATGCGTCCT-1,0.117228,0.663635,0.219137
ACAAACTCCATCAGAG-1,0.064496,0.698594,0.23691
ACAAAGAAGGTAGGCC-1,0.283897,0.711299,0.004804
ACAAAGCATGACCTAG-1,0.300914,0.697532,0.001553
ACAAATCGCACCGAAT-1,0.164643,0.415315,0.420041
ACAAATGGTAGTGTTT-1,0.109603,0.321372,0.569026
ACAAATTCAGATCTGA-1,0.087265,0.253093,0.659643
ACAACAGCATGAGCTA-1,0.000021,0.014431,0.985548
ACAACGGTCCCTGCGA-1,0.159022,0.838662,0.002316
ACAAGCAGTGCCTAGC-1,0.147235,0.85009,0.002675
ACAAGCTATATGGAAG-1,0.000023,0.000023,0.999954
ACAAGGAAATCCGCCC-1,0.046895,0.226061,0.727044
ACAAGGACAAGAGGTT-1,0.162273,0.465032,0.372694
ACAAGGATGCTTTAGG-1,0.230998,0.575462,0.19354
ACAAGGCCTACCAGCC-1,0.000052,0.185996,0.813952
ACAAGGGCAGGCTCTG-1,0.037431,0.185773,0.776796
ACAAGTAATTGTAAGG-1,0.089316,0.107773,0.802911
ACAATAGTCGTACGTT-1,0.159042,0.185356,0.655602
ACAATCCATTTAAACC-1,0.194906,0.800818,0.004277
ACAATCGATCTTTATA-1,0.13413,0.275009,0.590861
ACAATGAATACGGAGA-1,0.063932,0.577288,0.35878
ACAATGATTCTTCTAC-1,0.025046,0.083098,0.891857
ACAATTGTGTCTCTTT-1,0.437941,0.559165,0.002894
ACAATTTAGGAGGCTC-1,0.000192,0.206208,0.793601
ACAATTTGAGCAGTGG-1,0.001825,0.01877,0.979405
ACAATTTGGCCATATT-1,0.000031,0.587596,0.412374
ACACAAAGACGGGTGG-1,0.000054,0.373155,0.626791
ACACAAATATTCCTAG-1,0.268217,0.372266,0.359517
ACACACCAGGACCAGT-1,0.138918,0.426963,0.434119
ACACACTTTCTACACG-1,0.000026,0.00022,0.999755
ACACATGATCAAATCT-1,0.000573,0.83463,0.164796
ACACATTGACGCAACA-1,0.26373,0.729942,0.006328
ACACATTTCCGTAGAC-1,0.000021,0.020598,0.97938
ACACCACATAATTAGC-1,0.028282,0.619194,0.352524
ACACCCAGCATGCAGC-1,0.000127,0.349181,0.650692
ACACCCGAGAAATCCG-1,0.218426,0.740865,0.040709
ACACCGAGCGCTCTTT-1,0.001069,0.991447,0.007484
ACACCGGTCTGACCGC-1,0.139253,0.857776,0.002971
ACACCTTAAGTAGGGC-1,0.154582,0.463507,0.381911
ACACCTTACTACTTGC-1,0.037846,0.684034,0.27812
ACACGAGACTCCTTCT-1,0.004053,0.011665,0.984282
ACACGGCACTATGCAT-1,0.000025,0.072072,0.927903
ACACGGGAACTTAGGG-1,0.000039,0.017051,0.98291
ACACGTAGGCCACAAG-1,0.742511,0.146449,0.11104
ACACTCCAATGTCACT-1,0.248795,0.746832,0.004373
ACACTGATCAAGGTGT-1,0.012767,0.304379,0.682854
ACACTGGGACAGTCGT-1,0.844774,0.000034,0.155193
ACAGAACTGAGAACAA-1,0.1927,0.597713,0.209588
ACAGATTAGGTTAGTG-1,0.080568,0.283685,0.635748
ACAGCATAGAGCCAGT-1,0.009613,0.110133,0.880255
ACAGCGACATTCTCAT-1,0.536117,0.162917,0.300967
ACAGCGCACCCGCAGC-1,0.00003,0.103155,0.896815
ACAGGCACGGATCCTT-1,0.399499,0.59842,0.002081
ACAGGCTTGCCCGACT-1,0.325452,0.433293,0.241254
ACAGGTGGAGGTGAGG-1,0.017727,0.039959,0.942314
ACAGGTGTGTTGTTGC-1,0.071073,0.619648,0.309278
ACAGTAATACAACTTG-1,0.0715,0.925026,0.003475
ACAGTATACCGTGGGA-1,0.003604,0.567554,0.428842
ACATAAGTCGTGGTGA-1,0.002059,0.983529,0.014412
ACATAATAAGGCGGTG-1,0.000049,0.282788,0.717162
ACATACAATCAAGCGG-1,0.648022,0.274323,0.077654
ACATCAGCTGGGACGC-1,0.081449,0.915152,0.003399
ACATCCCGGCCATACG-1,0.000095,0.138638,0.861267
ACATCCTGGTAACTGT-1,0.256559,0.339627,0.403814
ACATCGATCGTTTACC-1,0.000031,0.000031,0.999937
ACATCGCAATATTCGG-1,0.129743,0.867619,0.002638
ACATCGGTCAGCCGCG-1,0.22504,0.543815,0.231145
ACATCGTATGCAATGG-1,0.051787,0.131457,0.816756
ACATCGTTAACCTAGT-1,0.000039,0.032244,0.967717
ACATCTCAACGCGTAA-1,0.022409,0.116609,0.860982
ACATGCTTACGGCAGC-1,0.649437,0.347978,0.002586
ACATGGCGCCAAAGTA-1,0.238733,0.459461,0.301806
ACATGGCTCAATTTAG-1,0.001171,0.766163,0.232667
ACATTAGTTTATATCC-1,0.135105,0.374745,0.49015
ACATTCGCGCGGAATA-1,0.500587,0.445258,0.054156
ACATTTGAAACCTAAC-1,0.611989,0.26429,0.123721
ACCAAACACCCAGCGA-1,0.000045,0.549666,0.450289
ACCAAACTAGAAATCC-1,0.091031,0.476474,0.432495
ACCAACACCACACACT-1,0.011787,0.360577,0.627636
ACCAACCGCACTCCAC-1,0.466012,0.532578,0.00141
ACCAAGAACGCGTGTC-1,0.162459,0.6027,0.234841
ACCAAGTCATCGGCAG-1,0.763204,0.235672,0.001123
ACCAATATGCAAGTTA-1,0.020022,0.109163,0.870815
ACCACAACTCAGAACA-1,0.036242,0.304772,0.658986
ACCACAAGTTTCTATC-1,0.035965,0.133901,0.830134
ACCACACGGTTGATGG-1,0.050824,0.009286,0.93989
ACCACCAATGTAACAA-1,0.186834,0.756373,0.056792
ACCACCCTCTCTTCTA-1,0.000048,0.60569,0.394261
ACCACGTGCAGCTATA-1,0.030345,0.095936,0.873719
ACCACTGTTCAAGAAG-1,0.235194,0.760358,0.004448
ACCAGACCATAACAAC-1,0.085212,0.394792,0.519996
ACCAGCCCGGTCTTTG-1,0.067416,0.120921,0.811663
ACCAGGAGTGTGATCT-1,0.398794,0.271007,0.330199
ACCAGTGCCCGGTCAA-1,0.015034,0.156339,0.828627
ACCAGTGCGGGAGACG-1,0.255859,0.201607,0.542534
ACCATATCCGCAATAA-1,0.04334,0.238251,0.718409
ACCATCCGCCAACTAG-1,0.205034,0.792115,0.002851
ACCATCGTATATGGTA-1,0.028039,0.518492,0.45347
ACCATTAAGGGTGTCA-1,0.000789,0.547549,0.451663
ACCCAACGCCCGTGGC-1,0.012305,0.230577,0.757119
ACCCACCTACATGCTC-1,0.114693,0.314534,0.570773
ACCCATCTTGAGGGTA-1,0.000242,0.699397,0.300361
ACCCATTTGTCCCTCT-1,0.648262,0.088411,0.263327
ACCCGAGCGAAATTAC-1,0.0823,0.781007,0.136693
ACCCGATTGGTTCCGA-1,0.11466,0.603644,0.281696
ACCCGGAAACTCCCAG-1,0.004729,0.122074,0.873197
ACCCGGAGCACCACAA-1,0.039367,0.394067,0.566566
ACCCGGATGACGCATC-1,0.114476,0.749826,0.135697
ACCCGGTTACACTTCC-1,0.049308,0.368327,0.582365
ACCCGTAGCAGAGAAT-1,0.000912,0.992709,0.006379
ACCCGTAGTCTAGTTG-1,0.806255,0.000049,0.193696
ACCCGTGTCATCAGTA-1,0.036109,0.16875,0.795141
ACCCTATAGGACTGAG-1,0.141392,0.854331,0.004277
ACCCTATGCCATATCG-1,0.026829,0.068605,0.904565
ACCCTCCCGTCAGGGC-1,0.591299,0.406072,0.002629
ACCCTCCCTTGCTATT-1,0.069847,0.410689,0.519464
ACCCTGGTAACGCCCT-1,0.000043,0.510839,0.489118
ACCCTTCATCTGCGAA-1,0.004242,0.186127,0.809631
ACCCTTGCCTGGGTCG-1,0.007471,0.517423,0.475106
ACCCTTTAGTTCTCCA-1,0.000348,0.130495,0.869157
ACCGAAAGGGCCCTGC-1,0.040946,0.6495,0.309553
ACCGAAGAGTCTGGTT-1,0.184363,0.802666,0.01297
ACCGACACATCTCCCA-1,0.020177,0.146806,0.833017
ACCGACTGAGTCCCAC-1,0.000064,0.061913,0.938023
ACCGAGTCTCCTTATT-1,0.000071,0.5329,0.467029
ACCGATAGGCATAACC-1,0.826601,0.000029,0.17337
ACCGATATTTAATCAT-1,0.224243,0.634754,0.141003
ACCGATGGTAGCATCG-1,0.238553,0.335439,0.426009
ACCGCAATAACTGCCT-1,0.059754,0.08283,0.857416
ACCGCGGTGGAAGTCG-1,0.385109,0.56308,0.051811
ACCGCTAGTCATTGGT-1,0.160263,0.7863,0.053437
ACCGGGCCTTTGTTGA-1,0.411019,0.584292,0.004689
ACCGGTCAGGTACACC-1,0.126374,0.626947,0.246679
ACCGGTCTGAGTACGG-1,0.058829,0.003849,0.937322
ACCGTCCACTGGGCCC-1,0.046549,0.951999,0.001452
ACCGTGACCACGTGGG-1,0.000042,0.519387,0.480571
ACCGTTCCCGCTCTGA-1,0.030027,0.395094,0.574879
ACCTAAGTACCTTTCA-1,0.129936,0.202579,0.667485
ACCTAATCGACTTCCT-1,0.388156,0.54595,0.065894
ACCTACAGTATGTGGT-1,0.037714,0.576693,0.385593
ACCTCAGCGAGGCGCA-1,0.639835,0.287409,0.072756
ACCTCCGCCCTCGCTG-1,0.159831,0.327187,0.512983
ACCTCCGTTATTCACC-1,0.000753,0.790747,0.208499
ACCTCGAACTTATGCT-1,0.000674,0.704719,0.294607
ACCTGCGTGTCATGTT-1,0.001135,0.990924,0.007942
ACGAAATGGGCGGCAC-1,0.189421,0.806326,0.004253
ACGACCCATGAGTTGC-1,0.170069,0.653912,0.176019
ACGACTCTAGGGCCGA-1,0.434118,0.564632,0.001249
ACGACTGGTCATACTC-1,0.000034,0.379538,0.620428
ACGAGAACCCATCACG-1,0.196012,0.519257,0.284731
ACGAGATATTTGCTTA-1,0.000067,0.029252,0.970681
ACGAGGATACCACTCT-1,0.069063,0.925816,0.005121
ACGAGGTTTACAACGT-1,0.001986,0.984116,0.013898
ACGAGTACGGATGCCC-1,0.014974,0.481343,0.503682
ACGAGTCGCCGGCGTT-1,0.000131,0.398495,0.601375
ACGATACATAGAACTA-1,0.012146,0.140414,0.847439
ACGATACCTATCCTGA-1,0.000051,0.000051,0.999898
ACGATCATACATAGAG-1,0.000036,0.021877,0.978087
ACGATCATCTTGTAAA-1,0.16864,0.821982,0.009378
ACGATGCATATGTTAT-1,0.003142,0.20121,0.795648
ACGATGGATCCGATGC-1,0.054416,0.269885,0.675698
ACGCAAACTAATAGAT-1,0.003541,0.185156,0.811303
ACGCAATCACTACAGC-1,0.233118,0.669352,0.09753
ACGCATAAATGACATG-1,0.000028,0.079381,0.920591
ACGCATACGTTTACTA-1,0.814108,0.178817,0.007076
ACGCATTCGTGAGTAC-1,0.013735,0.065937,0.920328
ACGCCACTCGAAACAG-1,0.037071,0.290625,0.672304
ACGCCAGATGATTTCT-1,0.000039,0.135871,0.86409
ACGCCAGTGCGTTTGC-1,0.506737,0.491668,0.001595
ACGCCCAGCTGTCGAT-1,0.061977,0.498831,0.439192
ACGCCGCTAGACGACC-1,0.000035,0.049436,0.950529
ACGCGAAGTCAGACGA-1,0.005261,0.018942,0.975797
ACGCGCTACACAGGGT-1,0.152191,0.843034,0.004775
ACGCGGGCCAAGGACA-1,0.000011,0.000011,0.999979
ACGCGTTTCTTAAGAG-1,0.081517,0.878723,0.03976
ACGCTACTGAATGGGC-1,0.998979,0.000128,0.000894
ACGCTAGTGATACACT-1,0.022936,0.307597,0.669468
ACGCTGTGAGGCGTAG-1,0.000686,0.994509,0.004804
ACGCTTAGTGTCTCTC-1,0.069136,0.386215,0.544649
ACGGAACACGAGTGCC-1,0.823204,0.175975,0.000822
ACGGAATTTAGCAAAT-1,0.12687,0.663266,0.209864
ACGGACGCAGCGACAA-1,0.384526,0.611871,0.003603
ACGGACTCTCAAAGCG-1,0.017187,0.114531,0.868282
ACGGAGCGCAAATTAC-1,0.001636,0.129997,0.868367
ACGGATGGTGCGGATA-1,0.130011,0.124318,0.745672
ACGGCACTTGCTTGGG-1,0.008225,0.286481,0.705294
ACGGCCAACATGGACT-1,0.004015,0.136843,0.859142
ACGGCGACGATGGGAA-1,0.068749,0.203064,0.728187
ACGGCGGGTTGCCCTG-1,0.224784,0.771772,0.003444
ACGGCTGGATGTAGAA-1,0.319482,0.672495,0.008023
ACGGGAGTGTCGGCCC-1,0.105572,0.489028,0.4054
ACGGGCGTATGCGACA-1,0.000085,0.680761,0.319154
ACGGGTCATGTGACTT-1,0.185255,0.813004,0.001741
ACGGGTTGTGACCTGT-1,0.205578,0.792012,0.00241
ACGGTACAGTTCAATG-1,0.457107,0.54112,0.001773
ACGGTCACCGAGAACA-1,0.001112,0.991105,0.007782
ACGTACAGATTTCTCT-1,0.010382,0.217959,0.771659
ACGTACTTTGGCACGG-1,0.206077,0.646179,0.147744
ACGTAGATTGCTGATG-1,0.000054,0.138871,0.861075
ACGTAGGAGAGTCGCT-1,0.008459,0.348652,0.642889
ACGTATTACTCCGATC-1,0.492018,0.430481,0.0775
ACGTCGGGCAACTCGG-1,0.127051,0.871829,0.00112
ACGTCTCGTTCCGGGA-1,0.102239,0.100764,0.796997
ACGTGACAAAGTAAGT-1,0.00103,0.991764,0.007206
ACGTGCGCCTCGTGCA-1,0.000033,0.000033,0.999935
ACGTTAATGTCGAAGA-1,0.000025,0.057243,0.942733
ACGTTAGATTTGCCCG-1,0.380628,0.342006,0.277366
ACGTTATTGGTCACTC-1,0.11289,0.706631,0.180479
ACGTTCACTATGCCGC-1,0.2314,0.271605,0.496996
ACGTTCCGCGCTCCGT-1,0.126927,0.420221,0.452853
ACGTTCGCAATCAATT-1,0.000036,0.771492,0.228472
ACGTTCGTTCAGGAAA-1,0.000106,0.332965,0.666929
ACGTTCTGTACAAGTC-1,0.148899,0.527128,0.323973
ACGTTGTCGTTGAAAG-1,0.154139,0.71603,0.129831
ACGTTTAGTTGTGATC-1,0.023412,0.047735,0.928853
ACGTTTCGGTGCACTT-1,0.84831,0.000105,0.151585
ACTAAGGACGCACACC-1,0.011201,0.834328,0.154472
ACTAATACGTCAGGCG-1,0.02386,0.111699,0.86444
ACTACATCCCGACAAG-1,0.149877,0.393023,0.4571
ACTACCAGCTCTCTGG-1,0.082416,0.425842,0.491741
ACTACCATCCGAGGGC-1,0.368649,0.629476,0.001875
ACTAGTTGCGATCGTC-1,0.803965,0.191402,0.004633
ACTATATGCTGTGTTC-1,0.075141,0.022868,0.901991
ACTATCCAGGGCATGG-1,0.107405,0.744153,0.148442
ACTATCGCCGGCTAAA-1,0.000343,0.820325,0.179332
ACTATCTGCCCGCGTA-1,0.583793,0.265019,0.151187
ACTATGTCCAGCTGCC-1,0.138977,0.856334,0.004689
ACTATTCGTCCGTGGT-1,0.000071,0.085666,0.914264
ACTATTTCCGGGCCCA-1,0.011838,0.320471,0.667692
ACTCAACGAATGTATT-1,0.164044,0.833052,0.002904
ACTCAAGTGCAAGGCT-1,0.229007,0.453497,0.317497
ACTCAATAAAGGCACG-1,0.000018,0.006198,0.993784
ACTCAGACCTGCTTCT-1,0.22398,0.773809,0.002211
ACTCATGGCAGCCTTC-1,0.360239,0.617094,0.022667
ACTCCAATATCATCAT-1,0.239843,0.432002,0.328155
ACTCCCATTCCTAAAG-1,0.00089,0.992884,0.006226
ACTCCCGAATTCGTTT-1,0.024392,0.116937,0.858671
ACTCCCGTAGACTAGG-1,0.000026,0.386116,0.613858
ACTCCCTAATGCTAAA-1,0.01131,0.044922,0.943768
ACTCCCTAGAATAGTA-1,0.011866,0.060546,0.927588
ACTCCGGCCGACCACT-1,0.256316,0.555257,0.188426
ACTCGATGTATTTCAT-1,0.380337,0.616823,0.002841
ACTCGCCGTTCGATAA-1,0.854636,0.00005,0.145314
ACTCGCGATCTGACGC-1,0.000024,0.597533,0.402443
ACTCGTAACCCGTCCT-1,0.244246,0.23908,0.516673
ACTCGTCAGTAATCCC-1,0.06781,0.169562,0.762628
ACTCTAAACCTGGGAT-1,0.063075,0.5464,0.390526
ACTCTCTGACTTAGGT-1,0.036298,0.191339,0.772362
ACTCTCTTATACACGA-1,0.000029,0.053605,0.946366
ACTCTGACCTAATAGA-1,0.37234,0.571053,0.056606
ACTCTTCAGCTCCCGC-1,0.000023,0.49212,0.507857
ACTCTTGTATAGTAAC-1,0.021227,0.152264,0.826509
ACTGAAACGCCGTTAG-1,0.464666,0.486636,0.048697
ACTGAATGGCGAAAGT-1,0.002941,0.025843,0.971216
ACTGATTTAGTGATTC-1,0.000466,0.321058,0.678476
ACTGCCCGCCATTCTC-1,0.324085,0.317073,0.358842
ACTGCCGTCGTAACTC-1,0.021232,0.188974,0.789794
ACTGCGGACACACCGT-1,0.036097,0.369655,0.594248
ACTGCTCGGAAGGATG-1,0.279097,0.711747,0.009156
ACTGGCGAACCTGCGT-1,0.000016,0.420655,0.579329
ACTGGGATGCCAGTGC-1,0.000547,0.002561,0.996892
ACTGTACGATACACAT-1,0.005174,0.00002,0.994806
ACTGTAGCACTTTGGA-1,0.087185,0.720996,0.191819
ACTGTATACGCGAGCA-1,0.184617,0.553394,0.261989
ACTGTCCAGGATTATA-1,0.058413,0.024024,0.917563
ACTGTCTTCTTTAGAA-1,0.000048,0.002796,0.997155
ACTGTGCTAGTAGATC-1,0.339689,0.65716,0.003151
ACTGTTTAGTGTAGGC-1,0.033298,0.963031,0.003671
ACTTACCGGGCGCGCA-1,0.026886,0.10582,0.867294
ACTTACGCATCCACGC-1,0.117136,0.082454,0.80041
ACTTAGTACGACAAGA-1,0.219809,0.718219,0.061972
ACTTATACTTACCCGG-1,0.135592,0.280804,0.583604
ACTTATTTATGTGCCA-1,0.135069,0.299076,0.565855
ACTTCAGGCTGATCCC-1,0.064096,0.230106,0.705798
ACTTCCAGTGGAAGCT-1,0.229511,0.766116,0.004372
ACTTCCATGCGGGACA-1,0.159574,0.189509,0.650917
ACTTCGCCATACGCAC-1,0.001184,0.000692,0.998124
ACTTCGCTAGCGAGTG-1,0.001572,0.450689,0.547738
ACTTGACTCCCTCTTT-1,0.018849,0.048795,0.932357
ACTTGCCATATTGTAC-1,0.319753,0.344232,0.336015
ACTTGCTCTATCTACC-1,0.127351,0.870276,0.002373
ACTTGGGCTTTCGCCA-1,0.023389,0.062461,0.91415
ACTTGTAGTCCCTTCA-1,0.000051,0.000425,0.999524
ACTTGTGGATGGAACG-1,0.44447,0.391381,0.164149
ACTTGTTACCGGATCA-1,0.000017,0.004483,0.9955
ACTTTACCCTCATGAA-1,0.187883,0.772309,0.039808
ACTTTATACACCACTT-1,0.000942,0.849453,0.149605
ACTTTCCTATAGCTTC-1,0.000027,0.000027,0.999945
ACTTTGACTGCATCCT-1,0.0008,0.9936,0.005599
ACTTTGGTCGTGCTCC-1,0.001545,0.987647,0.010808
ACTTTGTCGACGCACT-1,0.198943,0.320315,0.480741
AGAAATTATGACTCGC-1,0.26893,0.276565,0.454505
AGAACACGGCGATGGT-1,0.000904,0.992769,0.006327
AGAACCCAGCGTGACA-1,0.007452,0.643991,0.348557
AGAACCCTCAATTGGG-1,0.383115,0.607729,0.009156
AGAACGTGGTACATTC-1,0.009642,0.06119,0.929168
AGAACTGTACTTTGTA-1,0.517583,0.481562,0.000855
AGAAGAGCGCCGTTCC-1,0.096498,0.218348,0.685154
AGAAGGTACACTTCAC-1,0.111019,0.881039,0.007942
AGAAGGTTGCCGAATT-1,0.103664,0.235326,0.66101
AGAAGGTTGTAGGTCG-1,0.014543,0.192642,0.792815
AGAAGTGATTCGTGAT-1,0.301885,0.691787,0.006328
AGAATAAATCTTCAGG-1,0.116422,0.776509,0.107068
AGAATACAGGCTATCC-1,0.667324,0.292312,0.040364
AGAATGCGGGTTCGGA-1,0.000031,0.121528,0.878441
AGAATTATGGATTCGA-1,0.123679,0.31692,0.559402
AGAATTGTTTGACATA-1,0.155711,0.838523,0.005766
AGACAGCTCAGAATCC-1,0.123142,0.874831,0.002027
AGACAGGCATCTCAGC-1,0.025706,0.470076,0.504218
AGACATAGATCCTTCC-1,0.216018,0.557108,0.226873
AGACCAAACCACACCT-1,0.187551,0.808829,0.00362
AGACCATGGGATACAA-1,0.000265,0.997882,0.001853
AGACCCACCGCTGATC-1,0.00765,0.05882,0.93353
AGACCCGCCCTCCTCG-1,0.000083,0.122597,0.87732
AGACCGCTCCGCGGTT-1,0.210912,0.594809,0.194279
AGACCGGGAAACCCTG-1,0.248681,0.515637,0.235682
AGACGAAGTGCCGGTC-1,0.232734,0.548565,0.218701
AGACGACGATGCCGCT-1,0.025611,0.811244,0.163146
AGACGCCCACTTCGCC-1,0.454707,0.193752,0.351541
AGACGGGCCGATTTAA-1,0.029928,0.249636,0.720436
AGACTAGCCTTCCAGA-1,0.082214,0.39639,0.521397
AGAGAAACACCAGAAA-1,0.063249,0.729888,0.206863
AGAGAACCGTCTAGGA-1,0.076099,0.1043,0.819601
AGAGAAGGAGTACAAT-1,0.123156,0.519418,0.357426
AGAGATCTCTAAAGCG-1,0.075998,0.163233,0.760769
AGAGCAGTTATGAGAC-1,0.097735,0.896784,0.005481
AGAGCCGCCGAGATTT-1,0.870838,0.016879,0.112283
AGAGCGCTTGTAACGG-1,0.000021,0.525028,0.474951
AGAGCGGGCTAATCAT-1,0.000036,0.128819,0.871145
AGAGCGTACAAGCTCG-1,0.130466,0.866794,0.00274
AGAGCTACGAAAGCAT-1,0.000559,0.99553,0.003911
AGAGGCTTCGGAAACC-1,0.351363,0.639371,0.009266
AGAGGGACAATTGTCC-1,0.077525,0.080625,0.84185
AGAGGTATCTCGGTCC-1,0.105872,0.892127,0.002001
AGAGTAAACTTCACTA-1,0.441328,0.555415,0.003257
AGAGTATAGTGTTACG-1,0.00004,0.437035,0.562925
AGAGTCTTAATGAAAG-1,0.858037,0.000037,0.141926
AGAGTTAGAGACCGAT-1,0.00003,0.051588,0.948382
AGAGTTGCAGGCCTCC-1,0.001851,0.760676,0.237473
AGATAACTTCAGGGCC-1,0.008794,0.221861,0.769345
AGATAATCACACCTAT-1,0.128716,0.867778,0.003506
AGATACCAATAGAACC-1,0.816463,0.000069,0.183468
AGATACCAGCACTTCA-1,0.000071,0.69955,0.300379
AGATACCGGTGTTCAC-1,0.193191,0.734986,0.071823
AGATACTCAAGATCGA-1,0.070873,0.246409,0.682718
AGATATAATACGACTA-1,0.011188,0.159285,0.829527
AGATCGTGCATAAGAT-1,0.054493,0.119738,0.825769
AGATCTCAGGTGTGAT-1,0.000035,0.000035,0.99993
AGATCTGGAGAGGATA-1,0.102547,0.762314,0.135139
AGATGACTCGCCCACG-1,0.010935,0.074254,0.914811
AGATGAGGGTTGCGAT-1,0.093818,0.050115,0.856066
AGATGATGGAGTCTGG-1,0.403017,0.546996,0.049986
AGATGCAAGACGTGCA-1,0.082817,0.612097,0.305086
AGATGCATCCTGTGTC-1,0.171745,0.821306,0.006949
AGATGCTATAACGAGC-1,0.0008,0.993601,0.005599
AGATTATAGGACGTTT-1,0.020697,0.051282,0.928021
AGATTCAAGCGGGTCG-1,0.148102,0.317942,0.533956
AGATTCACAACCGATA-1,0.320872,0.671021,0.008107
AGCAAAGGCCGCTAGT-1,0.02532,0.278127,0.696553
AGCAACATATCTTATT-1,0.107952,0.127778,0.76427
AGCAACCGAAAGTAAT-1,0.144379,0.618648,0.236973
AGCACACGTTTAGACT-1,0.067231,0.178878,0.753891
AGCACCAGTACTCACG-1,0.000061,0.200203,0.799735
AGCACTACCGGCCTGT-1,0.198391,0.79484,0.006768
AGCACTACCTCACCAG-1,0.039906,0.177355,0.782739
AGCACTTAAGGACGCC-1,0.139372,0.564127,0.296501
AGCAGAAGGAGAAAGA-1,0.000009,0.070412,0.929578
AGCAGTCGAAGCATGC-1,0.028519,0.131167,0.840315
AGCATATCAATATGCT-1,0.296989,0.344519,0.358491
AGCATCATTTCGAAAG-1,0.210668,0.59295,0.196382
AGCATCGTCGATAATT-1,0.000089,0.16321,0.836701
AGCATTACGAGGCAAG-1,0.673282,0.325255,0.001463
AGCCACAGGTTACCCG-1,0.235829,0.475626,0.288546
AGCCACTCCCGTGCTT-1,0.000025,0.000025,0.999951
AGCCATATAGTATGTG-1,0.020879,0.000018,0.979103
AGCCCATACATGTAAG-1,0.001589,0.878469,0.119942
AGCCCGCACTACAATG-1,0.874367,0.000095,0.125538
AGCCCGGCATTAGAGG-1,0.267768,0.726467,0.005766
AGCCCGGTAGCCTGTA-1,0.000096,0.286285,0.713619
AGCCCTAAGCGAAGTT-1,0.013745,0.130309,0.855945
AGCCCTCCCTGGTGGC-1,0.338638,0.21128,0.450082
AGCCCTGTCGCACCGT-1,0.036138,0.380302,0.583561
AGCCCTTCTAATCCGA-1,0.102405,0.1296,0.767995
AGCCCTTGGACATCCC-1,0.563291,0.323112,0.113597
AGCCGCAAATTCAAAT-1,0.198902,0.549664,0.251434
AGCCGCTTGATTAGCG-1,0.002779,0.977766,0.019454
AGCCGTGGCTAAATGT-1,0.234874,0.760351,0.004775
AGCCTAATACCCACGT-1,0.184291,0.3869,0.428808
AGCCTTAAAGCGGAAG-1,0.292943,0.6995,0.007557
AGCCTTGTCACTGATA-1,0.147131,0.624585,0.228284
AGCGACAGGAACGGTC-1,0.015465,0.003852,0.980683
AGCGACATCCCATTCA-1,0.000023,0.017347,0.982629
AGCGACCAACGATATT-1,0.000071,0.138067,0.861862
AGCGAGACGTGAAGGC-1,0.324028,0.549712,0.12626
AGCGATGCGCCTAATA-1,0.7187,0.140362,0.140938
AGCGCATAATGAATCG-1,0.005342,0.125585,0.869073
AGCGCGGGTGCCAATG-1,0.072873,0.207149,0.719978
AGCGCTAGAGCGATGT-1,0.00054,0.655792,0.343668
AGCGCTTATGGGCAAG-1,0.053785,0.161861,0.784354
AGCGGACACTTCGTAG-1,0.000023,0.069208,0.930769
AGCGGCGGTTAGCGGT-1,0.136394,0.855414,0.008192
AGCGGGTCTGACACTC-1,0.009943,0.050806,0.939251
AGCGGTTGCCGCTCTG-1,0.00995,0.84116,0.148891
AGCGTACGAGAGCTAG-1,0.265779,0.431767,0.302454
AGCGTAGCGCTAGACC-1,0.141755,0.857095,0.00115
AGCGTCTGAACCCGCA-1,0.186881,0.70335,0.109768
AGCGTGGTATTCTACT-1,0.000146,0.010667,0.989187
AGCTAACAAGCAATGT-1,0.039515,0.872845,0.08764
AGCTAAGCTCCGTCCG-1,0.164384,0.690048,0.145568
AGCTAAGTACGCAGGC-1,0.264434,0.528642,0.206924
AGCTACGAATGGTGGT-1,0.903639,0.00004,0.096321
AGCTAGAAGCAGAAGT-1,0.034558,0.211462,0.753981
AGCTATTTAATCCAAC-1,0.000039,0.098622,0.901339
AGCTCCATATATGTTC-1,0.509978,0.296818,0.193204
AGCTCCTTCGCACATC-1,0.138452,0.173494,0.688054
AGCTCGTTGATGGAAA-1,0.00004,0.805593,0.194367
AGCTCTAGACGTTCCA-1,0.004104,0.003692,0.992204
AGCTCTTCCCAGTGCA-1,0.000111,0.084945,0.914944
AGCTCTTCGTAACCTT-1,0.159251,0.38873,0.452019
AGCTGAAGTAAACCAA-1,0.032297,0.215532,0.752171
AGCTGTAACCTCAATC-1,0.193709,0.800923,0.005368
AGCTTATAGAGACCTG-1,0.164912,0.664558,0.17053
AGCTTCTTCTCGAGCA-1,0.522152,0.475605,0.002243
AGCTTGATCAGGGTAG-1,0.002059,0.983528,0.014413
AGCTTGATCTTAACTT-1,0.35158,0.374578,0.273842
AGGAAAGCCTCTGATG-1,0.340575,0.650679,0.008746
AGGAACGAACGACTTC-1,0.442749,0.119722,0.437529
AGGAAGCTGTCCGCCG-1,0.007488,0.105295,0.887217
AGGACAGTCGAATCCC-1,0.035469,0.040352,0.924179
AGGACATCGCACGTCG-1,0.381855,0.453026,0.165119
AGGACATCGGCACACT-1,0.394802,0.432928,0.17227
AGGACGCTCGATGTTG-1,0.147806,0.000031,0.852163
AGGACTTATAGGAGAA-1,0.110178,0.462754,0.427068
AGGAGACATCCACAGT-1,0.038892,0.535253,0.425855
AGGAGAGTCTGGCTAC-1,0.013684,0.459778,0.526537
AGGAGCGTTTATTATC-1,0.886736,0.000048,0.113216
AGGAGGCCTTCGCGCG-1,0.532411,0.332389,0.135199
AGGATAAAGTCGGGAT-1,0.019449,0.324716,0.655836
AGGATATAGGGATTTA-1,0.175129,0.388021,0.43685
AGGATATCCGACTGCA-1,0.388124,0.610817,0.001059
AGGATCACGCGATCTG-1,0.414395,0.463534,0.122071
AGGATTGCTTACGACA-1,0.010524,0.581913,0.407563
AGGCACGTGACTGTCC-1,0.564464,0.251615,0.183922
AGGCAGATGCGTAAAC-1,0.020715,0.154817,0.824468
AGGCATTGTCGTAGGG-1,0.113259,0.000412,0.886329
AGGCCACATTGGTTAC-1,0.000031,0.452808,0.547161
AGGCCACCCGTTATGA-1,0.065359,0.773853,0.160787
AGGCCCAGTGACTGGT-1,0.236259,0.758783,0.004958
AGGCCCATTGTACAGG-1,0.015574,0.507248,0.477178
AGGCCCTAGAACGCCA-1,0.220663,0.457853,0.321484
AGGCCTATCATACCAA-1,0.133935,0.050948,0.815117
AGGCCTGAGAATCTCG-1,0.456214,0.262953,0.280833
AGGCGATAACTGGCGT-1,0.027472,0.441908,0.53062
AGGCGGTTTGTCCCGC-1,0.049131,0.376387,0.574482
AGGCGTCTATGGACGG-1,0.000042,0.050279,0.949679
AGGCTATGGTTAGCTT-1,0.151201,0.70048,0.148319
AGGCTTAAGTTGCACA-1,0.026715,0.13075,0.842534
AGGCTTGCTAGACACC-1,0.140739,0.856944,0.002316
AGGGAAACGAGGTACT-1,0.000041,0.186351,0.813608
AGGGACAGCACGGCGG-1,0.149425,0.848582,0.001994
AGGGACCGGCTGCGTT-1,0.030594,0.620879,0.348527
AGGGACTCTACGCGAC-1,0.030911,0.001414,0.967675
AGGGAGACATACTTCG-1,0.000041,0.482741,0.517218
AGGGCAGCGGCGTGGT-1,0.000022,0.000022,0.999956
AGGGCCCTAATGTTCT-1,0.229342,0.643801,0.126857
AGGGCGAGCAGCTGAT-1,0.203661,0.793477,0.002861
AGGGCGTGATCGGCTA-1,0.226528,0.771937,0.001535
AGGGCTGCAGTTACAG-1,0.000028,0.004422,0.99555
AGGGTCAGAGCACTCG-1,0.000018,0.044959,0.955023
AGGGTCAGTAACCCTA-1,0.010215,0.070274,0.919511
AGGGTCGATGCGAACT-1,0.164718,0.371186,0.464095
AGGGTCTGGACGCAGT-1,0.874986,0.00006,0.124954
AGGGTGCCGTTCTTTA-1,0.125608,0.712966,0.161427
AGGGTGCTCTCGAGGG-1,0.056213,0.050269,0.893518
AGGGTGGATAGTGCAT-1,0.090689,0.627137,0.282174
AGGGTGTGCTACACGC-1,0.000213,0.331186,0.668601
AGGGTTCCCTTTGGTT-1,0.015807,0.212026,0.772167
AGGGTTTAGTTCGGGA-1,0.000067,0.150827,0.849106
AGGTAACCTCCTATTC-1,0.17374,0.414881,0.411379
AGGTACGATATTGCCA-1,0.000023,0.000066,0.999912
AGGTAGATCGAGATAT-1,0.049338,0.300851,0.649811
AGGTAGGTACAAAGCT-1,0.000695,0.994441,0.004865
AGGTATAATTGATAGT-1,0.044292,0.239133,0.716575
AGGTATGCGGACATTA-1,0.000298,0.812188,0.187514
AGGTCAGGTGAGAGTG-1,0.374331,0.62048,0.005189
AGGTCGCCACTTCGGT-1,0.325877,0.379909,0.294214
AGGTCGCCTCCCAACA-1,0.226801,0.424745,0.348454
AGGTCGCGGAGTTACT-1,0.0001,0.396587,0.603313
AGGTGCACGTCCACAT-1,0.551991,0.343482,0.104526
AGGTGTATCGCCATGA-1,0.141227,0.642908,0.215865
AGGTGTTGCCGACCAC-1,0.111955,0.631221,0.256824
AGGTTACACCATGCCG-1,0.129289,0.685411,0.1853
AGGTTCTCCTTTCCGG-1,0.289459,0.701893,0.008648
AGGTTGAGGCACGCTT-1,0.000053,0.115751,0.884196
AGGTTTCACACACCTT-1,0.000027,0.014125,0.985847
AGTAACGTTCATCCTG-1,0.027804,0.008067,0.964129
AGTAACTATAGCAGCC-1,0.868841,0.095542,0.035617
AGTAAGGGACAGAATC-1,0.807033,0.100469,0.092498
AGTAATCTAAGGGTGG-1,0.187801,0.379499,0.4327
AGTAATGTCTTGCCGC-1,0.000054,0.117201,0.882745
AGTAATTTGCAAGCGT-1,0.00021,0.044652,0.955138
AGTACAGAAGCTTATA-1,0.015116,0.437573,0.547311
AGTACATCATTTATCA-1,0.000029,0.25245,0.747521
AGTACCTTCGAGTGCT-1,0.000043,0.03997,0.959987
AGTACGGCCCGTATCG-1,0.000358,0.825862,0.173781
AGTACGGGCACCTGGC-1,0.000021,0.000021,0.999958
AGTACGTGGCCTGTCT-1,0.060601,0.149026,0.790372
AGTACTCTTATGCCCA-1,0.174009,0.00495,0.821041
AGTAGAAGGCGCCTCA-1,0.003473,0.107643,0.888884
AGTAGCTAGACGCCGA-1,0.052676,0.041079,0.906245
AGTAGGAAGGAAGTTG-1,0.000028,0.006348,0.993625
AGTATAATACTAGGCA-1,0.186266,0.810408,0.003326
AGTATACACAGCGACA-1,0.001544,0.191205,0.807251
AGTATCCATAATAACG-1,0.166947,0.830283,0.00277
AGTATGCTGGAGACCA-1,0.269063,0.724169,0.006768
AGTATTTGGCACGACC-1,0.007573,0.212187,0.780241
AGTCAAATGATGTGAT-1,0.053647,0.418942,0.527411
AGTCAAGATGACACTT-1,0.126614,0.016108,0.857279
AGTCACTAGCTCTCGA-1,0.344913,0.48807,0.167017
AGTCACTCCGCCTCAT-1,0.211113,0.781181,0.007706
AGTCAGCCACCGCCTG-1,0.3641,0.631503,0.004397
AGTCCAGCGGGTACGT-1,0.455179,0.536797,0.008024
AGTCCATTGGCTGATG-1,0.429219,0.565916,0.004864
AGTCCCGCCTTTAATT-1,0.000034,0.101635,0.898332
AGTCCCTCGCAGAAAG-1,0.000024,0.315555,0.684421
AGTCGAAACGATTCAG-1,0.000114,0.999091,0.000796
AGTCGAATTAGCGTAA-1,0.561358,0.171092,0.267551
AGTCGACGGTCTCAAG-1,0.100395,0.545063,0.354542
AGTCGGCCCAAACGAC-1,0.136431,0.624096,0.239473
AGTCGGCTCAACTTTA-1,0.053934,0.942902,0.003164
AGTCGGTTGCGTGAGA-1,0.078728,0.641992,0.27928
AGTCGTATAAAGCAGA-1,0.026434,0.42074,0.552826
AGTCGTCGACCACCAA-1,0.221992,0.44347,0.334537
AGTCGTGGGCATTACG-1,0.040192,0.434429,0.525378
AGTCTAAAGTATACTC-1,0.000026,0.379786,0.620188
AGTCTCACAAGACTAC-1,0.430547,0.462321,0.107132
AGTCTGGACATCCTTG-1,0.153601,0.525023,0.321376
AGTCTTCTCCTCAAAT-1,0.058821,0.138451,0.802728
AGTCTTTAAAGTGTCC-1,0.000079,0.405434,0.594487
AGTGAACAAACTTCTC-1,0.454195,0.54091,0.004895
AGTGAAGATGGTGTCC-1,0.000068,0.746726,0.253206
AGTGACCTACTTTACG-1,0.070014,0.196488,0.733497
AGTGACTGTGACACAA-1,0.205878,0.770412,0.02371
AGTGAGACTTCCAGTA-1,0.059764,0.09834,0.841896
AGTGAGCCTCGCCGCC-1,0.045164,0.231933,0.722903
AGTGAGGGTTTCTGAC-1,0.03195,0.05918,0.908871
AGTGAGTCGAATTAAC-1,0.822065,0.000129,0.177806
AGTGATAACCTGCGCG-1,0.456935,0.47992,0.063145
AGTGATATGAGTAGTT-1,0.038316,0.063363,0.898321
AGTGATTCAAGCAGGA-1,0.090591,0.265081,0.644329
AGTGCACGCTTAAGAA-1,0.412293,0.547361,0.040346
AGTGCTAAACACAGCA-1,0.277296,0.721249,0.001455
AGTGCTTGCACGAATA-1,0.110879,0.32073,0.568391
AGTGGCCCGCAAATGG-1,0.389153,0.473337,0.137509
AGTGGCGGCAATTTGA-1,0.043389,0.271221,0.685389
AGTGGCGTCTGAAGGT-1,0.312557,0.429337,0.258106
AGTGGCTCCGTCGGCC-1,0.275651,0.591879,0.132471
AGTGGGAGTATACACG-1,0.284583,0.690459,0.024959
AGTGGTGTTACCCGTG-1,0.103092,0.887751,0.009157
AGTGGTTGCGTATAGG-1,0.04207,0.07816,0.879771
AGTGTATTGCGCATTG-1,0.071747,0.133193,0.795059
AGTGTGCTAAGATCGC-1,0.00036,0.997122,0.002519
AGTGTGGTCTATTGTG-1,0.22268,0.148001,0.629319
AGTTAAACACTTGCGA-1,0.052017,0.286595,0.661387
AGTTAAGCGGTCCCGG-1,0.032825,0.255783,0.711392
AGTTAAGTCAACCGCT-1,0.358456,0.635648,0.005896
AGTTACCCTTAAGACT-1,0.042415,0.64495,0.312635
AGTTACCGCACATGGT-1,0.045043,0.951197,0.00376
AGTTACTCTATCGTGG-1,0.000029,0.022945,0.977026
AGTTATTCAGACTGTG-1,0.863989,0.000098,0.135914
AGTTCACCGGTTGGAC-1,0.216903,0.780618,0.002479
AGTTCCTACAGAATTA-1,0.000043,0.110675,0.889282
AGTTCCTATTTATGTT-1,0.013184,0.063533,0.923283
AGTTCTGCGTTGTATC-1,0.110637,0.88723,0.002132
AGTTGACATCGGCTGG-1,0.157158,0.839288,0.003554
AGTTGACGGTCCTTGC-1,0.034763,0.277528,0.687709
AGTTGCGGTCCTCAAC-1,0.23554,0.761105,0.003355
AGTTGCTGACTGATAT-1,0.302964,0.667735,0.0293
