Barcode,Topic 1,Topic 2,Topic 3,Topic 4,Topic 5to8,Topic 9to10
AAACAACGAATAGTTC-1,0.003031,0.00303,0.789971,0.003031,0.012125,0.188812
AAACAAGTATCTCCCA-1,0.000034,0.000034,0.000034,0.003991,0.691287,0.30462
AAACAATCTACTAGCA-1,0.125413,0.000412,0.370423,0.447422,0.001647,0.054684
AAACACCAATAACTGC-1,0.000935,0.000935,0.065287,0.000935,0.177393,0.754515
AAACAGAGCGACTCCT-1,0.000281,0.000281,0.153032,0.000281,0.845563,0.000562
AAACAGCTTTCAGAAG-1,0.00014,0.00014,0.643239,0.074774,0.000562,0.281144
AAACAGGGTCTATATT-1,0.000127,0.000127,0.072656,0.000127,0.227801,0.699161
AAACAGTGTTCCTGGG-1,0.029095,0.000111,0.000111,0.000111,0.308119,0.662452
AAACATGGTGAGAGGA-1,0.000106,0.000106,0.033544,0.000106,0.402133,0.564005
AAACATTTCCCGGATT-1,0.012854,0.000093,0.000093,0.00335,0.606516,0.377094
AAACCCGAACGAAATC-1,0.045433,0.000032,0.009334,0.002731,0.67191,0.27056
AAACCGGAAATGTTAA-1,0.000011,0.000011,0.017209,0.006369,0.912185,0.064215
AAACCGGGTAGGTACC-1,0.153253,0.000088,0.321771,0.00081,0.129742,0.394336
AAACCGTTCGTCCAGG-1,0.00006,0.00006,0.00006,0.00006,0.024874,0.974887
AAACCTAAGCAGCCGG-1,0.021266,0.00003,0.020217,0.00003,0.740174,0.218283
AAACCTCATGAAGTTG-1,0.000151,0.000151,0.318491,0.426765,0.000605,0.253836
AAACGAAGATGGAGTA-1,0.000084,0.000084,0.000084,0.000084,0.393273,0.60639
AAACGAGACGGTTGAT-1,0.001235,0.001235,0.001235,0.199477,0.29274,0.504079
AAACGGGCGTACGGGT-1,0.011281,0.000025,0.020802,0.000025,0.801951,0.165917
AAACGGGTTGGTATCC-1,0.0437,0.002273,0.938114,0.002274,0.009093,0.004547
AAACGGTTGCGAACTG-1,0.000093,0.000093,0.036473,0.000093,0.569114,0.394133
AAACTCGGTTCGCAAT-1,0.147138,0.00024,0.105155,0.00024,0.205384,0.541843
AAACTCGTGATATAAG-1,0.095966,0.001137,0.001137,0.001137,0.004547,0.896078
AAACTGCTGGCTCCAA-1,0.001042,0.001042,0.09746,0.001042,0.193427,0.705987
AAACTTAATTGCACGC-1,0.000667,0.000667,0.000667,0.000667,0.002667,0.994665
AAACTTGCAAACGTAT-1,0.000145,0.000145,0.068274,0.000145,0.09528,0.836011
AAAGAATGACCTTAGA-1,0.000214,0.000214,0.078593,0.000214,0.303973,0.616791
AAAGAATGTGGACTAA-1,0.000014,0.000014,0.006443,0.000014,0.907125,0.08639
AAAGACATGAAGTTTA-1,0.108002,0.000355,0.000355,0.000355,0.322318,0.568616
AAAGACCCAAGTCGCG-1,0.000051,0.000051,0.847587,0.077216,0.05055,0.024544
AAAGACTGGGCGCTTT-1,0.000137,0.000137,0.451625,0.393401,0.04525,0.10945
AAAGCTTGCCTACATA-1,0.000132,0.000132,0.000132,0.124933,0.000529,0.874141
AAAGGCCCTATAATAC-1,0.000294,0.000294,0.000294,0.000294,0.120365,0.878458
AAAGGCTACGGACCAT-1,0.18163,0.000292,0.038206,0.000292,0.102473,0.677106
AAAGGCTCTCGCGCCG-1,0.000337,0.000337,0.047962,0.000337,0.051838,0.899189
AAAGGGATGTAGCAAG-1,0.000047,0.000047,0.025512,0.000047,0.327645,0.6467
AAAGGGCAGCTTGAAT-1,0.000163,0.000163,0.000164,0.735888,0.118255,0.145367
AAAGGTAAGCTGTACC-1,0.027007,0.00037,0.458021,0.120547,0.151778,0.242277
AAAGTAGCATTGCTCA-1,0.000098,0.000098,0.000098,0.000098,0.662032,0.337577
AAAGTCGACCCTCAGT-1,0.000111,0.000111,0.469868,0.386774,0.084842,0.058293
AAAGTGCCATCAATTA-1,0.00004,0.00004,0.016467,0.013279,0.858904,0.11127
AAAGTGTGATTTATCT-1,0.000119,0.000119,0.000119,0.000119,0.388779,0.610747
AAAGTTGACTCCCGTA-1,0.00004,0.00004,0.056928,0.00004,0.801015,0.141936
AAATAACCATACGGGA-1,0.000388,0.000388,0.000388,0.029012,0.019233,0.950591
AAATAAGGTAGTGCCC-1,0.001471,0.001471,0.001471,0.001471,0.198302,0.795814
AAATACCTATAAGCAT-1,0.000274,0.000274,0.000274,0.008853,0.739354,0.25097
AAATAGCTTAGACTTT-1,0.000039,0.000039,0.000039,0.006697,0.813865,0.17932
AAATAGGGTGCTATTG-1,0.029831,0.000055,0.104857,0.000055,0.700156,0.165046
AAATCCGATACACGCC-1,0.003496,0.000034,0.000034,0.000034,0.739871,0.256532
AAATCGCGGAAGGAGT-1,0.000114,0.000114,0.071319,0.000114,0.221576,0.706762
AAATCGTGTACCACAA-1,0.000147,0.000147,0.023246,0.000147,0.000588,0.975724
AAATCTAGCCCTGCTA-1,0.000076,0.000076,0.000076,0.000076,0.572467,0.427227
AAATCTGCCCGCGTCC-1,0.0001,0.0001,0.0001,0.0001,0.480576,0.519023
AAATGATTCGATCAGC-1,0.190262,0.001755,0.097034,0.001755,0.106651,0.602543
AAATGCTCGTTACGTT-1,0.000218,0.000218,0.461538,0.400655,0.050925,0.086445
AAATGGCATGTCTTGT-1,0.000141,0.000141,0.038302,0.268152,0.1083,0.584963
AAATGGCCCGTGCCCT-1,0.000184,0.000184,0.24745,0.000184,0.092152,0.659845
AAATGGTCAATGTGCC-1,0.00025,0.00025,0.00025,0.00025,0.001,0.998
AAATGTATCTTATCCC-1,0.000073,0.000073,0.501806,0.030546,0.434761,0.032741
AAATGTGGGTGCTCCT-1,0.134977,0.00011,0.441462,0.1927,0.230531,0.00022
AAATTAACGGGTAGCT-1,0.000901,0.000901,0.000901,0.002194,0.003605,0.991498
AAATTAATAAGCGCGA-1,0.000018,0.000018,0.164593,0.015188,0.725832,0.094351
AAATTACACGACTCTG-1,0.000107,0.000107,0.000107,0.000107,0.226183,0.773387
AAATTACCTATCGATG-1,0.179816,0.001515,0.129283,0.001516,0.006062,0.681808
AAATTCCAGGTCCAAA-1,0.000024,0.000024,0.000024,0.018624,0.845288,0.136016
AAATTGATAGTCCTTT-1,0.000075,0.000075,0.000075,0.000075,0.697625,0.302076
AAATTGCGGCGGTTCT-1,0.002704,0.002703,0.311242,0.002703,0.010813,0.669835
AAATTTACCGAAATCC-1,0.000258,0.000258,0.308514,0.000258,0.035612,0.655099
AAATTTGCGGGTGTGG-1,0.000163,0.000163,0.082285,0.000163,0.000651,0.916577
AACAACTGGTAGTTGC-1,0.052147,0.000165,0.010845,0.4128,0.101484,0.42256
AACAATACATTGTCGA-1,0.053898,0.000463,0.000463,0.000463,0.282746,0.661967
AACAATTACTCTACGC-1,0.000158,0.000157,0.000158,0.83941,0.131162,0.028955
AACACACGCTCGCCGC-1,0.000058,0.000058,0.000058,0.000058,0.577706,0.422063
AACACGACTGTACTGA-1,0.000051,0.000051,0.822842,0.032535,0.031658,0.112863
AACACGAGACGCGGCC-1,0.000098,0.000098,0.052845,0.000098,0.529051,0.41781
AACACGCGGCCGCGAA-1,0.175351,0.00125,0.275538,0.00125,0.005001,0.541609
AACAGCTGTGTGGCAA-1,0.002929,0.000145,0.07029,0.000145,0.593956,0.332534
AACAGGAAATCGAATA-1,0.033247,0.000082,0.045839,0.236091,0.241686,0.443055
AACAGGATGGGCCGCG-1,0.000181,0.000181,0.133832,0.613526,0.148403,0.103877
AACAGGTAGTATGGAT-1,0.00002,0.00002,0.00002,0.00002,0.949314,0.050608
AACATAGCGTGTATCG-1,0.000026,0.000026,0.000026,0.000026,0.830227,0.169669
AACATATCAACTGGTG-1,0.229095,0.00164,0.00164,0.00164,0.408392,0.357593
AACATTGAAGTTGATC-1,0.00008,0.00008,0.00008,0.00008,0.715943,0.283736
AACATTGGTCAGCCGT-1,0.321663,0.003704,0.240739,0.003705,0.014819,0.415369
AACATTGTGACTCGAG-1,0.00034,0.00034,0.00034,0.00034,0.260928,0.737711
AACCAAGACTTCTCTG-1,0.000154,0.000154,0.186068,0.603856,0.07239,0.137379
AACCAGTATCACTCTT-1,0.092554,0.001334,0.001334,0.001334,0.222104,0.681341
AACCATAGGGTTGAAC-1,0.000455,0.000455,0.031672,0.000455,0.001819,0.965145
AACCATGGGATCGCTA-1,0.000127,0.000127,0.669195,0.141674,0.077508,0.111367
AACCCAGAGACGGAGA-1,0.000071,0.000071,0.858045,0.141016,0.000283,0.000514
AACCCATCCCATGATC-1,0.000505,0.000505,0.114496,0.000505,0.265699,0.61829
AACCCGACAACCCGTG-1,0.000169,0.000169,0.041781,0.000169,0.193775,0.763936
AACCCGAGCAGAATCG-1,0.010912,0.000033,0.010112,0.004346,0.943576,0.03102
AACCCGCTGTATTCCA-1,0.022357,0.000093,0.000093,0.082672,0.534472,0.360313
AACCCTACTGTCAATA-1,0.000097,0.000097,0.114746,0.006233,0.43261,0.446217
AACCCTGGTGGAACCA-1,0.000044,0.000044,0.785064,0.000059,0.052809,0.161981
AACCGAGCTTGGTCAT-1,0.000094,0.000094,0.02112,0.053171,0.548848,0.376672
AACCGCTAAGGGATGC-1,0.000059,0.000059,0.000059,0.000059,0.564928,0.434836
AACCGTTGTGTTTGCT-1,0.000096,0.000096,0.941556,0.000096,0.000384,0.057772
AACCTAAAGCCGTCCG-1,0.000087,0.000087,0.673468,0.000087,0.131853,0.194416
AACCTCGCTTTAGCCC-1,0.000107,0.000107,0.000107,0.000107,0.450645,0.548925
AACCTGTCACGGAATT-1,0.000047,0.000047,0.000047,0.011407,0.707215,0.281237
AACCTTTAAATACGGT-1,0.134403,0.000459,0.000459,0.164658,0.107686,0.592336
AACCTTTACGACGTCT-1,0.002128,0.002128,0.196043,0.002128,0.008513,0.78906
AACGAAAGTCGTCCCA-1,0.000083,0.000083,0.001175,0.000083,0.156693,0.841883
AACGACCTCCTAGCCG-1,0.000069,0.000069,0.004606,0.005574,0.723104,0.266577
AACGATAATGCCGTAG-1,0.000377,0.000377,0.04975,0.000377,0.152322,0.796795
AACGATAGAAGGGCCG-1,0.000095,0.000095,0.801036,0.054587,0.000382,0.143804
AACGATATGTCAACTG-1,0.041351,0.00031,0.023674,0.00031,0.001239,0.933116
AACGCATGATCTGGGT-1,0.003705,0.003704,0.003705,0.003705,0.014819,0.970362
AACGCGAACGGCAACA-1,0.147653,0.001695,0.420309,0.42017,0.006781,0.003391
AACGCGACCTTGGGCG-1,0.000205,0.000205,0.000205,0.083763,0.111727,0.803894
AACGCGGTCTCCAGCC-1,0.039295,0.000208,0.095275,0.000208,0.000832,0.864182
AACGCTGTTGCTGAAA-1,0.000081,0.000081,0.000081,0.000081,0.507575,0.4921
AACGGACGTACGTATA-1,0.000033,0.000033,0.000033,0.004326,0.829846,0.165729
AACGGCCATCTCCGGT-1,0.022827,0.000217,0.000217,0.000217,0.000868,0.975654
AACGTACTGTGGGTAC-1,0.000184,0.000184,0.15738,0.130381,0.000736,0.711136
AACGTAGTCTACCCAT-1,0.114686,0.003847,0.003847,0.487007,0.178326,0.212287
AACGTCAGACTAGTGG-1,0.00017,0.00017,0.00017,0.68334,0.130388,0.185763
AACGTCGCTGCACTTC-1,0.000022,0.000022,0.000022,0.000022,0.964113,0.035799
AACGTGATGAAGGACA-1,0.000714,0.000714,0.000715,0.108287,0.002858,0.886712
AACGTGCGAAAGTCTC-1,0.1634,0.001667,0.001667,0.001667,0.006669,0.82493
AACTACCCGTTTGTCA-1,0.000079,0.000079,0.000079,0.000079,0.499078,0.500606
AACTAGCGTATCGCAC-1,0.036593,0.000595,0.48014,0.000595,0.002382,0.479695
AACTAGGCTTGGGTGT-1,0.108675,0.000463,0.21659,0.000463,0.162662,0.511147
AACTCAAGTTAATTGC-1,0.000065,0.000065,0.018052,0.038538,0.141282,0.801999
AACTCCAGAGCGTGTT-1,0.000128,0.000128,0.000128,0.000128,0.72407,0.275418
AACTCCTAATCCCATG-1,0.001853,0.001852,0.250115,0.001852,0.00741,0.736918
AACTCGATAAACACGT-1,0.002704,0.002703,0.379737,0.002704,0.010814,0.601339
AACTCGATGGCGCAGT-1,0.109699,0.000213,0.553597,0.106615,0.000853,0.229022
AACTCTCAATAGAGCG-1,0.000182,0.000182,0.000182,0.000182,0.714897,0.284376
AACTCTCAGTGTGCTC-1,0.000129,0.000129,0.041717,0.000129,0.000516,0.95738
AACTGATATTAGGCCT-1,0.000192,0.000192,0.000192,0.415867,0.000769,0.582787
AACTGGGTCCCGACGT-1,0.020962,0.000075,0.181459,0.000075,0.524035,0.273395
AACTGGGTTCGAGCCG-1,0.050535,0.000369,0.00085,0.000369,0.001476,0.9464
AACTGGTGTGGGCCTT-1,0.000095,0.000095,0.999142,0.000095,0.000381,0.000191
AACTTGCCCGTATGCA-1,0.00018,0.00018,0.00018,0.73993,0.00072,0.258811
AACTTGCGTTCTCGCG-1,0.000136,0.000136,0.906754,0.000136,0.000544,0.092295
AACTTTACGGGAGCTT-1,0.000052,0.000052,0.179907,0.038532,0.701936,0.079521
AACTTTAGCTGCTGAG-1,0.120668,0.000117,0.778264,0.000117,0.000467,0.100367
AAGAAAGTTTGATGGG-1,0.000072,0.000072,0.000072,0.000072,0.020708,0.979005
AAGAAGGATCAGTTAG-1,0.000115,0.000115,0.828271,0.086097,0.034835,0.050567
AAGACATACGTGGTTT-1,0.000035,0.000035,0.000035,0.010986,0.928942,0.059966
AAGACCAAATAACTCA-1,0.000048,0.000048,0.078154,0.005577,0.30606,0.610113
AAGACCCAACTGAACA-1,0.000072,0.000072,0.000072,0.000072,0.732616,0.267096
AAGACTAACCCGTTGT-1,0.00345,0.003448,0.346494,0.003449,0.013795,0.629363
AAGACTCACGCCCACT-1,0.000253,0.000253,0.000253,0.142526,0.661854,0.194862
AAGACTGCAAGCTACT-1,0.000521,0.000521,0.000521,0.000521,0.340918,0.656999
AAGAGATGAATCGGTA-1,0.030061,0.000177,0.021202,0.792342,0.063388,0.09283
AAGAGCTCTTTATCGG-1,0.038725,0.000146,0.000146,0.000146,0.92019,0.040647
AAGAGGATGTACGCGA-1,0.000256,0.000256,0.148893,0.222064,0.001026,0.627504
AAGAGGCATGGATCGC-1,0.001539,0.001539,0.001539,0.001539,0.206337,0.787507
AAGAGGCCCTTTGGAA-1,0.000128,0.000128,0.000128,0.000128,0.710589,0.288899
AAGATGGCACCGGACC-1,0.000244,0.000244,0.000244,0.000244,0.267641,0.731383
AAGATTGGCGGAACGT-1,0.002942,0.002941,0.341097,0.287321,0.011767,0.353932
AAGCACCCTGCGTATC-1,0.057343,0.00084,0.000841,0.000841,0.003362,0.936773
AAGCATACTCTCCTGA-1,0.076056,0.000204,0.085015,0.000204,0.466724,0.371798
AAGCCACTTGCAGGTA-1,0.000062,0.000062,0.050932,0.000062,0.443242,0.50564
AAGCCGAAGCGGTTTA-1,0.000032,0.000032,0.000032,0.000032,0.868634,0.13124
AAGCCGCCGTGAAATC-1,0.058874,0.000095,0.039186,0.000095,0.702071,0.199679
AAGCCGGAGAGCAGGA-1,0.000029,0.000029,0.000029,0.000029,0.890189,0.109696
AAGCGCAGGGCTTTGA-1,0.000094,0.000094,0.000094,0.105419,0.485621,0.408676
AAGCGGCGTCATGGGT-1,0.005001,0.005002,0.005001,0.005001,0.020004,0.959991
AAGCGTCCCTCATCGA-1,0.000093,0.000093,0.044442,0.000093,0.955093,0.000186
AAGCTAGATCGAGTAA-1,0.000447,0.000446,0.082372,0.000447,0.001786,0.914502
AAGCTCGTGCCAAGTC-1,0.000662,0.000662,0.000662,0.054472,0.428777,0.514763
AAGCTCTTTCATGGTG-1,0.000113,0.000113,0.000113,0.000113,0.487467,0.512081
AAGGAGAACTTATAAG-1,0.084678,0.000123,0.813514,0.033574,0.00049,0.067621
AAGGAGCGGTTGGTGC-1,0.000196,0.000196,0.065127,0.014567,0.159697,0.760218
AAGGATCGATCGCTTG-1,0.000061,0.000061,0.000061,0.000061,0.611542,0.388215
AAGGATGAGGGACCTC-1,0.153955,0.0025,0.333939,0.002501,0.300509,0.206596
AAGGCAGGCTGTCTCC-1,0.000049,0.000049,0.01738,0.001842,0.694719,0.285961
AAGGCGCGTAAAGCTT-1,0.021886,0.000136,0.084196,0.566042,0.022198,0.305543
AAGGCTGTGCTCATCG-1,0.000225,0.000225,0.117161,0.009937,0.000901,0.871551
AAGGGAACGACTGGCT-1,0.000117,0.000117,0.000117,0.000117,0.790094,0.209439
AAGGGACAGATTCTGT-1,0.002274,0.002273,0.002273,0.002273,0.009094,0.981813
AAGGGACTATGCATTC-1,0.000524,0.000524,0.000524,0.000524,0.356348,0.641557
AAGGGTTTGATTTCAG-1,0.000175,0.000175,0.170843,0.000175,0.141078,0.687553
AAGGTATCCTAATATA-1,0.00087,0.00087,0.048084,0.00087,0.286477,0.66283
AAGGTGATAAACCAGC-1,0.017018,0.000029,0.006883,0.00192,0.954832,0.019317
AAGTAAGCTTCCAAAC-1,0.228315,0.002041,0.41365,0.002041,0.008166,0.345787
AAGTAGAAGACCGGGT-1,0.000132,0.000132,0.349215,0.454997,0.048312,0.147212
AAGTAGTGACGCGAGG-1,0.078797,0.00015,0.265748,0.400917,0.023705,0.230683
AAGTCAATTGTCGTCA-1,0.000058,0.000058,0.000058,0.00839,0.679902,0.311536
AAGTCTTCTGTGGCCT-1,0.000179,0.000179,0.127749,0.209748,0.369715,0.29243
AAGTGACGACCGAATT-1,0.000191,0.00019,0.245276,0.000191,0.000762,0.75339
AAGTGAGTCGGGTTTA-1,0.000725,0.000725,0.000725,0.04342,0.002899,0.951506
AAGTGCAAAGGTAGAC-1,0.000211,0.000211,0.150579,0.594346,0.101613,0.15304
AAGTGCCTTGACTGTA-1,0.000648,0.000025,0.019187,0.000025,0.912296,0.06782
AAGTGCGTTAGAATCT-1,0.000122,0.000122,0.019632,0.011642,0.336178,0.632305
AAGTGCTTCTCTATTG-1,0.000186,0.000186,0.000186,0.000186,0.199074,0.800181
AAGTGTTTGGAGACGG-1,0.000131,0.000131,0.059142,0.033501,0.553373,0.353723
AAGTTCACTCCAAGCT-1,0.000073,0.000073,0.000073,0.025343,0.685932,0.288507
AAGTTCAGTCTGCGTA-1,0.183799,0.002174,0.002175,0.002174,0.237164,0.572514
AAGTTCGGCCAACAGG-1,0.064683,0.000259,0.000259,0.000259,0.001037,0.933503
AAGTTGTGATGTTATA-1,0.000035,0.000035,0.000035,0.000035,0.907638,0.092223
AAGTTTACTAATGGCA-1,0.00009,0.00009,0.800947,0.00009,0.063873,0.13491
AAGTTTATGGGCCCAA-1,0.062067,0.000113,0.127474,0.000113,0.117375,0.692857
AATAACAACGCTCGGC-1,0.000159,0.000159,0.000159,0.731496,0.000635,0.267393
AATAACACTAGAACAA-1,0.12372,0.000125,0.080527,0.062701,0.190333,0.542593
AATAAGTCCTCGAGAC-1,0.000037,0.000037,0.881744,0.003349,0.027802,0.087031
AATAATCTTCGTATCG-1,0.000013,0.000013,0.000013,0.006053,0.993884,0.000025
AATACAATGTTTCAGG-1,0.000253,0.000253,0.246387,0.559296,0.001013,0.192798
AATACCGGAGGGCTGT-1,0.101327,0.000255,0.055368,0.000255,0.187302,0.655493
AATACCTGATGTGAAC-1,0.000017,0.000017,0.006221,0.001637,0.905033,0.087075
AATAGAACAGAGTGGC-1,0.000049,0.000049,0.000049,0.000049,0.057222,0.942583
AATAGAATCTGTTTCA-1,0.000053,0.000053,0.000053,0.000053,0.796014,0.203773
AATAGCTACCGCGTGC-1,0.113196,0.001667,0.122517,0.001667,0.006669,0.754283
AATAGTCCGTCCCGAC-1,0.141936,0.000405,0.000405,0.000405,0.501908,0.354941
AATATCAAGGTCGGAT-1,0.001017,0.000142,0.947485,0.050505,0.000568,0.000284
AATATCCTAGCAAACT-1,0.000078,0.000078,0.508089,0.027294,0.048655,0.415804
AATATCGAATCAATGC-1,0.000034,0.000034,0.006688,0.000034,0.796852,0.19636
AATATCGAGGGTTCTC-1,0.232569,0.002565,0.002565,0.059006,0.238169,0.465126
AATATTGGAGTATTGA-1,0.000277,0.000277,0.316279,0.515034,0.001108,0.167024
AATCAGACTGCAGGAC-1,0.281309,0.004,0.004001,0.563158,0.139529,0.008002
AATCAGGTTTCATTTA-1,0.000441,0.000441,0.000441,0.000441,0.056394,0.941843
AATCATGTAAAGACTC-1,0.000066,0.000066,0.000066,0.000066,0.640864,0.358873
AATCCAAGGGCCTGAG-1,0.00009,0.00009,0.740639,0.223759,0.000359,0.035064
AATCCATGCAAGGGTG-1,0.227807,0.001613,0.565251,0.001613,0.006454,0.197262
AATCGCCTCAGCGCCA-1,0.084274,0.000386,0.176125,0.000386,0.284763,0.454066
AATCGCGCAGAGGACT-1,0.000045,0.000045,0.012186,0.000045,0.759696,0.227984
AATCGGTATAGCCCTC-1,0.000056,0.000056,0.029443,0.000056,0.707841,0.262548
AATCGTGAGCCGAGCA-1,0.000032,0.000032,0.000032,0.007357,0.651345,0.341201
AATCTAGGTTTACTTG-1,0.000368,0.000368,0.088517,0.000368,0.182147,0.728233
AATCTATGCCGGAGCC-1,0.002381,0.002381,0.002381,0.002382,0.306987,0.683488
AATCTCTACTGTGGTT-1,0.00029,0.00029,0.285724,0.360462,0.191492,0.161742
AATCTGCGTTGGGACG-1,0.232437,0.000236,0.059858,0.000236,0.375483,0.33175
AATCTGGCTTTCTAGT-1,0.000112,0.000112,0.050944,0.000112,0.835129,0.113589
AATCTGGGTAGACCCT-1,0.000162,0.000162,0.496924,0.057843,0.247354,0.197554
AATGACAGCAATGTCT-1,0.000211,0.000211,0.187542,0.000211,0.021154,0.790673
AATGACGTAGGATGTC-1,0.000827,0.000826,0.155376,0.000827,0.252883,0.589261
AATGACTGTCAGCCGG-1,0.00015,0.00015,0.00015,0.67406,0.000601,0.324888
AATGAGTTCGCATATG-1,0.000151,0.000151,0.815631,0.000151,0.056199,0.127716
AATGATGATACGCTAT-1,0.002703,0.002704,0.002704,0.002704,0.010814,0.978372
AATGATGCGACTCCTG-1,0.005265,0.005264,0.035564,0.005265,0.021059,0.927583
AATGCAACCGGGTACC-1,0.000127,0.000127,0.000127,0.126959,0.000508,0.872152
AATGCACCAAGCAATG-1,0.357234,0.002564,0.002565,0.002565,0.01026,0.624812
AATGGTCCACCGTTCA-1,0.000056,0.000056,0.863326,0.125343,0.011108,0.000111
AATGGTTCTCACAAGC-1,0.000157,0.000157,0.68586,0.198091,0.000627,0.115108
AATGTATGGCACTGTA-1,0.000138,0.000138,0.000138,0.000138,0.763424,0.236023
AATGTGCCCGAGGTGT-1,0.000426,0.000426,0.045656,0.000426,0.191722,0.761345
AATGTGCTAATCTGAG-1,0.001053,0.001053,0.001053,0.001053,0.207619,0.78817
AATGTTAAGACCCTGA-1,0.000017,0.000017,0.000017,0.000017,0.982109,0.017822
AATGTTGTCGTGAGAC-1,0.00004,0.00004,0.004566,0.00004,0.814164,0.18115
AATTAAAGGTCGGCGT-1,0.033433,0.000076,0.000076,0.030544,0.273637,0.662234
AATTAACGGATTTCCA-1,0.000154,0.000154,0.035505,0.000154,0.778804,0.185229
AATTACGAGACCCATC-1,0.000262,0.000262,0.000262,0.000262,0.038749,0.960204
AATTACTCGTACGCTC-1,0.092063,0.001724,0.476441,0.308271,0.006899,0.114602
AATTAGCGCTGCAGCG-1,0.000585,0.000585,0.000585,0.000585,0.00234,0.99532
AATTATACCCAGCAAG-1,0.000027,0.000027,0.010147,0.000611,0.901964,0.087223
AATTCATAAGGGATCT-1,0.177528,0.003334,0.319325,0.003334,0.23052,0.265959
AATTCATTGTCATGCA-1,0.0004,0.0004,0.076539,0.0004,0.297851,0.62441
AATTCCAACTTGGTGA-1,0.012275,0.002703,0.603128,0.002703,0.07091,0.308281
AATTCCAAGCATGTAC-1,0.000141,0.000141,0.052713,0.000141,0.41199,0.534872
AATTCGATTCGAGGAT-1,0.0826,0.000055,0.039305,0.000055,0.856519,0.021467
AATTCTAGAGTTAGGC-1,0.058498,0.000518,0.236608,0.012186,0.184268,0.507922
AATTGAACGCTCTGGT-1,0.000277,0.000277,0.000277,0.000277,0.335456,0.663436
AATTGCAGCAATCGAC-1,0.00003,0.00003,0.00003,0.00003,0.731814,0.268067
AATTGCGTGGATTACA-1,0.000326,0.000326,0.215309,0.000326,0.454602,0.329111
AATTGTGGTTGCCAAA-1,0.000036,0.000036,0.000036,0.000036,0.914404,0.085451
AATTTGGGACATAGTA-1,0.001924,0.001923,0.001924,0.001924,0.007695,0.984611
AATTTGGTTCCAAAGA-1,0.000097,0.000097,0.5736,0.199159,0.03599,0.191057
ACAAACCATGCGTCCT-1,0.000449,0.000448,0.000449,0.000449,0.11777,0.880436
ACAAACCGACAAGGCG-1,0.000061,0.000061,0.887001,0.000061,0.049893,0.062925
ACAAAGAAGGTAGGCC-1,0.000067,0.000067,0.683276,0.077663,0.03861,0.200317
ACAAAGCATGACCTAG-1,0.000036,0.000036,0.000815,0.000036,0.89052,0.108557
ACAAATCGCACCGAAT-1,0.032717,0.000037,0.029163,0.000037,0.701915,0.236132
ACAAATGGTAGTGTTT-1,0.000171,0.000171,0.000171,0.000171,0.209555,0.789761
ACAACAGCATGAGCTA-1,0.181618,0.000662,0.000662,0.000662,0.240514,0.575881
ACAACGGTCCCTGCGA-1,0.019232,0.000165,0.058921,0.662989,0.139263,0.119429
ACAAGCAGTGCCTAGC-1,0.000125,0.000125,0.097288,0.501514,0.188548,0.2124
ACAAGCTATATGGAAG-1,0.00002,0.00002,0.101515,0.051216,0.798552,0.048676
ACAAGGAAATCCGCCC-1,0.00087,0.00087,0.00087,0.00087,0.003479,0.993042
ACAAGGACAAGAGGTT-1,0.043892,0.000153,0.056075,0.406237,0.000613,0.493029
ACAAGGATGCTTTAGG-1,0.000063,0.000063,0.01922,0.000063,0.837019,0.143571
ACAAGGGCAGGCTCTG-1,0.194222,0.37324,0.000714,0.000714,0.002858,0.428251
ACAATAGTCGTACGTT-1,0.0274,0.000166,0.374505,0.000166,0.0881,0.509663
ACAATCCATTTAAACC-1,0.000137,0.000137,0.049717,0.534614,0.067309,0.348087
ACAATCGATCTTTATA-1,0.000091,0.000091,0.831117,0.081744,0.086773,0.000183
ACAATGAATACGGAGA-1,0.034158,0.000122,0.044297,0.009402,0.708498,0.203523
ACAATTGTGTCTCTTT-1,0.000053,0.000053,0.001294,0.000053,0.720259,0.278289
ACAATTTAGGAGGCTC-1,0.00007,0.00007,0.737664,0.065489,0.077925,0.118781
ACAATTTGAGCAGTGG-1,0.312744,0.003125,0.181789,0.003126,0.012504,0.486712
ACACAAAGACGGGTGG-1,0.000235,0.000235,0.081405,0.037095,0.000941,0.880088
ACACACCAGGACCAGT-1,0.000038,0.000038,0.000038,0.000038,0.884854,0.114994
ACACACTTTCTACACG-1,0.000168,0.000168,0.272461,0.43215,0.000672,0.29438
ACACATGATCAAATCT-1,0.147799,0.0008,0.0008,0.0008,0.003201,0.8466
ACACATTGACGCAACA-1,0.001031,0.001031,0.5215,0.001031,0.004125,0.471282
ACACATTTCCGTAGAC-1,0.105568,0.000137,0.036161,0.000137,0.407063,0.450934
ACACCACATAATTAGC-1,0.001042,0.001042,0.001042,0.001042,0.226039,0.769793
ACACCCAGCATGCAGC-1,0.016907,0.000259,0.105832,0.215829,0.001037,0.660135
ACACCCGAGAAATCCG-1,0.000054,0.000054,0.999516,0.000054,0.000215,0.000108
ACACCGAGCGCTCTTT-1,0.000183,0.000183,0.756656,0.000183,0.000731,0.242064
ACACCGGTCTGACCGC-1,0.000115,0.000115,0.000116,0.000116,0.611628,0.38791
ACACCTTAAGTAGGGC-1,0.000168,0.000168,0.076872,0.294726,0.123326,0.504739
ACACCTTACTACTTGC-1,0.000057,0.000057,0.000057,0.000057,0.504715,0.495059
ACACGAGACTCCTTCT-1,0.078814,0.001205,0.001205,0.001205,0.004821,0.912749
ACACGGCACTATGCAT-1,0.000056,0.000056,0.863079,0.003762,0.000225,0.132822
ACACGGGAACTTAGGG-1,0.000357,0.000357,0.000357,0.000357,0.001429,0.997142
ACACGTAGGCCACAAG-1,0.000071,0.000071,0.000071,0.035399,0.759595,0.204792
ACACTGATCAAGGTGT-1,0.039228,0.000197,0.000197,0.000197,0.336402,0.623779
ACACTGGGACAGTCGT-1,0.000095,0.000095,0.000095,0.000095,0.762145,0.237476
ACAGAACTGAGAACAA-1,0.020144,0.000062,0.008371,0.007695,0.778788,0.184939
ACAGCATAGAGCCAGT-1,0.000076,0.000076,0.995708,0.003684,0.000304,0.000152
ACAGCGACATTCTCAT-1,0.000087,0.000087,0.000087,0.000087,0.935116,0.064534
ACAGCGCACCCGCAGC-1,0.000113,0.000113,0.031706,0.000113,0.100802,0.867153
ACAGGAGGCGCAGCCG-1,0.140184,0.000437,0.728734,0.000437,0.001747,0.128461
ACAGGCACGGATCCTT-1,0.000057,0.000057,0.009714,0.000057,0.744738,0.245378
ACAGGCTTGCCCGACT-1,0.000057,0.000057,0.063889,0.005069,0.562953,0.367974
ACAGGTGGAGGTGAGG-1,0.044727,0.000167,0.000167,0.000167,0.000668,0.954104
ACAGGTGTGTTGTTGC-1,0.000032,0.000032,0.166877,0.022672,0.7274,0.082988
ACAGTAATACAACTTG-1,0.000124,0.000124,0.03761,0.037568,0.246275,0.6783
ACATAAGTCGTGGTGA-1,0.00015,0.00015,0.019834,0.00015,0.343095,0.636621
ACATAATAAGGCGGTG-1,0.096289,0.000228,0.111087,0.388542,0.000914,0.402941
ACATCAGCTGGGACGC-1,0.000145,0.000145,0.585265,0.217486,0.0974,0.09956
ACATCCCGGCCATACG-1,0.000981,0.00098,0.000981,0.272926,0.195664,0.528468
ACATCCTGGTAACTGT-1,0.082265,0.000061,0.000061,0.000061,0.660305,0.257247
ACATCGATCGTTTACC-1,0.106814,0.000709,0.000709,0.000709,0.002838,0.88822
ACATCGGTCAGCCGCG-1,0.000329,0.000329,0.100932,0.145663,0.001316,0.751431
ACATCGTATGCAATGG-1,0.000585,0.000585,0.000585,0.000585,0.408708,0.588952
ACATCGTTAACCTAGT-1,0.023966,0.000163,0.200031,0.000163,0.039857,0.73582
ACATCTCAACGCGTAA-1,0.00004,0.00004,0.889516,0.00004,0.074449,0.035916
ACATGCTTACGGCAGC-1,0.000166,0.000166,0.000166,0.000166,0.407224,0.592111
ACATGGCGCCAAAGTA-1,0.000045,0.000045,0.000045,0.003241,0.592897,0.403726
ACATGGCTCAATTTAG-1,0.003573,0.003572,0.003573,0.003573,0.014291,0.971419
ACATTAGTTTATATCC-1,0.000565,0.000565,0.143008,0.000565,0.002261,0.853036
ACATTCGCGCGGAATA-1,0.000083,0.000083,0.000083,0.000083,0.376502,0.623165
ACATTTGAAACCTAAC-1,0.000014,0.000014,0.000014,0.000014,0.94396,0.055985
ACCAACACCACACACT-1,0.001235,0.001235,0.087508,0.001235,0.242941,0.665846
ACCAACCGCACTCCAC-1,0.000039,0.000039,0.02085,0.000039,0.66783,0.311204
ACCAACGCTTATTTAT-1,0.02148,0.000377,0.000377,0.040741,0.00151,0.935515
ACCAAGAACGCGTGTC-1,0.000054,0.000054,0.999512,0.000054,0.000217,0.000108
ACCAAGTCATCGGCAG-1,0.000037,0.000037,0.000037,0.000037,0.769847,0.230005
ACCAATATGCAAGTTA-1,0.043428,0.000122,0.078847,0.000122,0.467052,0.41043
ACCACAACTCAGAACA-1,0.000096,0.000096,0.000096,0.037532,0.0892,0.872979
ACCACAAGTTTCTATC-1,0.000238,0.000238,0.050105,0.044314,0.000953,0.904153
ACCACACGGTTGATGG-1,0.000063,0.000063,0.000063,0.029981,0.76397,0.20586
ACCACCAATGTAACAA-1,0.019276,0.000021,0.000021,0.000021,0.827964,0.152697
ACCACGTGCAGCTATA-1,0.000453,0.000453,0.000453,0.000453,0.301022,0.697168
ACCACTGTTCAAGAAG-1,0.139814,0.001205,0.486093,0.365657,0.004821,0.00241
ACCAGACCATAACAAC-1,0.00013,0.00013,0.19305,0.325751,0.17668,0.304259
ACCAGCCCGGTCTTTG-1,0.000039,0.000039,0.983508,0.000039,0.008412,0.007963
ACCAGGAGTGTGATCT-1,0.000174,0.000174,0.618356,0.128514,0.000696,0.252085
ACCAGTGCGGGAGACG-1,0.000092,0.000092,0.000092,0.000092,0.522879,0.476753
ACCATATCCGCAATAA-1,0.000535,0.000535,0.000535,0.000535,0.00214,0.995721
ACCATCCGCCAACTAG-1,0.000156,0.000156,0.153656,0.089177,0.000624,0.756231
ACCATCGTATATGGTA-1,0.000199,0.000199,0.000199,0.000199,0.000795,0.998409
ACCATTAAGGGTGTCA-1,0.075086,0.000162,0.857087,0.000162,0.011849,0.055654
ACCCAACGCCCGTGGC-1,0.434558,0.000625,0.21703,0.173263,0.002501,0.172023
ACCCACCTACATGCTC-1,0.000171,0.000171,0.089382,0.765906,0.000684,0.143687
ACCCATCTTGAGGGTA-1,0.000289,0.000289,0.000289,0.107515,0.001156,0.890462
ACCCATTTGTCCCTCT-1,0.000098,0.000098,0.000098,0.000098,0.731115,0.268493
ACCCGAGCGAAATTAC-1,0.021379,0.000238,0.066838,0.000238,0.445376,0.465932
ACCCGATTGGTTCCGA-1,0.000166,0.000166,0.051637,0.000166,0.191278,0.756588
ACCCGGAAACTCCCAG-1,0.000123,0.000123,0.000123,0.073995,0.890716,0.034919
ACCCGGAGCACCACAA-1,0.000028,0.000028,0.000028,0.011094,0.694672,0.294151
ACCCGGATGACGCATC-1,0.00008,0.00008,0.058065,0.00008,0.595506,0.346191
ACCCGGTTACACTTCC-1,0.020883,0.000162,0.000162,0.111357,0.009676,0.85776
ACCCGTAGCAGAGAAT-1,0.000257,0.000257,0.000257,0.000257,0.291636,0.707336
ACCCGTAGTCTAGTTG-1,0.007348,0.000051,0.000051,0.000051,0.787655,0.204844
ACCCGTGTCATCAGTA-1,0.104032,0.000457,0.0644,0.091609,0.346118,0.393384
ACCCTATAGGACTGAG-1,0.000234,0.000234,0.83234,0.000234,0.038465,0.128492
ACCCTATGCCATATCG-1,0.000971,0.000971,0.10163,0.000971,0.003885,0.891572
ACCCTCCCGTCAGGGC-1,0.004406,0.000034,0.000034,0.007404,0.882769,0.105353
ACCCTCCCTTGCTATT-1,0.027416,0.000075,0.005194,0.051557,0.656162,0.259596
ACCCTGGTAACGCCCT-1,0.000042,0.000042,0.018503,0.000042,0.10056,0.880812
ACCCTTCATCTGCGAA-1,0.00011,0.00011,0.407525,0.277131,0.013094,0.30203
ACCCTTTAGTTCTCCA-1,0.000089,0.000089,0.047469,0.09237,0.228523,0.631459
ACCGAAGAGTCTGGTT-1,0.033899,0.000166,0.000166,0.000166,0.434208,0.531396
ACCGACACATCTCCCA-1,0.028441,0.000292,0.600732,0.000292,0.137226,0.233018
ACCGACTGAGTCCCAC-1,0.000184,0.000184,0.000184,0.000184,0.407105,0.592158
ACCGAGTCTCCTTATT-1,0.000043,0.000043,0.000043,0.000043,0.663163,0.336664
ACCGATAGGCATAACC-1,0.000027,0.000027,0.038727,0.000027,0.780947,0.180244
ACCGATATTTAATCAT-1,0.000014,0.000014,0.000014,0.000014,0.999744,0.000199
ACCGATGGTAGCATCG-1,0.000769,0.000769,0.000769,0.00077,0.003078,0.993844
ACCGCAATAACTGCCT-1,0.105834,0.000149,0.046104,0.000149,0.369398,0.478366
ACCGCGGTGGAAGTCG-1,0.000046,0.000046,0.014433,0.000046,0.627241,0.358187
ACCGCTAGTCATTGGT-1,0.000129,0.000129,0.000129,0.000129,0.518964,0.480519
ACCGGGCCTTTGTTGA-1,0.000035,0.000035,0.000035,0.000035,0.774128,0.225734
ACCGGTCAGGTACACC-1,0.00087,0.00087,0.00087,0.00087,0.003479,0.993042
ACCGTCCACTGGGCCC-1,0.000055,0.000055,0.182517,0.000055,0.215209,0.602109
ACCGTGACCACGTGGG-1,0.15245,0.00047,0.161397,0.00047,0.1288,0.556413
ACCTAAGTACCTTTCA-1,0.000299,0.000299,0.077303,0.000299,0.001198,0.9206
ACCTAATCGACTTCCT-1,0.000141,0.000141,0.000141,0.829584,0.129587,0.040406
ACCTACAGTATGTGGT-1,0.000074,0.000074,0.000074,0.003901,0.577205,0.418671
ACCTACTATAAATCTA-1,0.000078,0.000078,0.074222,0.000078,0.591833,0.333711
ACCTCCGCCCTCGCTG-1,0.000072,0.000072,0.000072,0.020051,0.809718,0.170013
ACCTCCGTTATTCACC-1,0.000079,0.000079,0.000079,0.006793,0.759505,0.233467
ACCTCGAACTTATGCT-1,0.000296,0.000296,0.000296,0.000296,0.550499,0.448317
ACCTGCGTGTCATGTT-1,0.080492,0.000239,0.05874,0.000239,0.071167,0.789122
ACCTTTCCTTTAGAAG-1,0.022141,0.00009,0.866151,0.009108,0.102332,0.000179
ACGAAATGGGCGGCAC-1,0.000129,0.000129,0.120071,0.752233,0.113903,0.013536
ACGACCCATGAGTTGC-1,0.000046,0.000046,0.000046,0.000119,0.787494,0.21225
ACGACTCTAGGGCCGA-1,0.000021,0.000021,0.000021,0.000021,0.886088,0.11383
ACGACTGGTCATACTC-1,0.014904,0.000153,0.000153,0.162303,0.358451,0.464035
ACGAGAACCCATCACG-1,0.18255,0.000412,0.544487,0.000412,0.010083,0.262057
ACGAGATATTTGCTTA-1,0.000193,0.000193,0.000193,0.000193,0.002957,0.996269
ACGAGGATACCACTCT-1,0.000412,0.000412,0.219214,0.000412,0.001647,0.777905
ACGAGGTTTACAACGT-1,0.000467,0.000467,0.000467,0.000467,0.301435,0.696695
ACGAGTACGGATGCCC-1,0.270569,0.002703,0.287973,0.002703,0.010813,0.425238
ACGAGTCGCCGGCGTT-1,0.002501,0.0025,0.697815,0.002501,0.010003,0.284681
ACGATACATAGAACTA-1,0.000538,0.000538,0.000538,0.241504,0.002151,0.754732
ACGATACCTATCCTGA-1,0.000038,0.000038,0.238747,0.014697,0.494747,0.251732
ACGATCATACATAGAG-1,0.00013,0.00013,0.00013,0.00013,0.04917,0.950311
ACGATCATCTTGTAAA-1,0.000037,0.000037,0.016811,0.014336,0.815436,0.153343
ACGATGCATATGTTAT-1,0.000138,0.000138,0.000138,0.046568,0.35714,0.595877
ACGATGGATCCGATGC-1,0.000105,0.000105,0.603937,0.022951,0.138498,0.234403
ACGCAAACTAATAGAT-1,0.045585,0.000078,0.028587,0.013676,0.751133,0.16094
ACGCAATCACTACAGC-1,0.294337,0.005001,0.005002,0.005001,0.020007,0.670651
ACGCATACGTTTACTA-1,0.005963,0.000065,0.000065,0.033048,0.769802,0.191057
ACGCATTCGTGAGTAC-1,0.022612,0.000277,0.07446,0.000277,0.499,0.403374
ACGCCACTCGAAACAG-1,0.000051,0.000051,0.000051,0.060471,0.687532,0.251844
ACGCCAGATGATTTCT-1,0.000037,0.000037,0.000037,0.000037,0.362795,0.637058
ACGCCAGTGCGTTTGC-1,0.000038,0.000038,0.000038,0.000038,0.894305,0.105545
ACGCCCAGCTGTCGAT-1,0.000035,0.000035,0.999193,0.000035,0.000631,0.00007
ACGCCGCTAGACGACC-1,0.0674,0.000592,0.176545,0.000592,0.002368,0.752503
ACGCCTGACACGCGCT-1,0.16149,0.000725,0.581378,0.071527,0.183431,0.00145
ACGCGAAGTCAGACGA-1,0.000769,0.000769,0.000769,0.000769,0.003078,0.993845
ACGCGCTACACAGGGT-1,0.000211,0.000211,0.000211,0.367226,0.000842,0.6313
ACGCGGGCCAAGGACA-1,0.000617,0.000617,0.000618,0.000617,0.163691,0.833839
ACGCGTTTCTTAAGAG-1,0.000142,0.000142,0.310011,0.359099,0.000567,0.330041
ACGCTAGTGATACACT-1,0.000459,0.000459,0.000459,0.291086,0.195693,0.511845
ACGCTGTGAGGCGTAG-1,0.00018,0.00018,0.652022,0.078415,0.052111,0.217091
ACGCTTAGTGTCTCTC-1,0.000059,0.000059,0.038788,0.014577,0.130586,0.815931
ACGGAACACGAGTGCC-1,0.000039,0.000038,0.016575,0.000039,0.684694,0.298615
ACGGACGCAGCGACAA-1,0.063068,0.000106,0.059434,0.000106,0.394357,0.482928
ACGGACTCTCAAAGCG-1,0.021527,0.000079,0.000079,0.000079,0.855973,0.122264
ACGGAGCGCAAATTAC-1,0.171964,0.001887,0.001887,0.145668,0.007549,0.671044
ACGGATGGTGCGGATA-1,0.07652,0.000109,0.017797,0.018874,0.432474,0.454226
ACGGCACTTGCTTGGG-1,0.00115,0.00115,0.00115,0.00115,0.004599,0.990802
ACGGCCAACATGGACT-1,0.000603,0.000602,0.000603,0.18497,0.00241,0.810811
ACGGCGACGATGGGAA-1,0.000544,0.000544,0.034634,0.000544,0.002175,0.96156
ACGGCGGGTTGCCCTG-1,0.3698,0.000781,0.354129,0.270601,0.003126,0.001563
ACGGCTGGATGTAGAA-1,0.000198,0.000198,0.042646,0.000198,0.727798,0.228961
ACGGGAGTGTCGGCCC-1,0.000169,0.000169,0.089364,0.000169,0.386302,0.523827
ACGGGCGTATGCGACA-1,0.000121,0.000121,0.000121,0.000121,0.181164,0.818352
ACGGGTCATGTGACTT-1,0.000134,0.000134,0.791943,0.000134,0.044386,0.163268
ACGGGTTGTGACCTGT-1,0.000277,0.000277,0.000277,0.000277,0.182615,0.816276
ACGGTACAGTTCAATG-1,0.000026,0.000026,0.000026,0.000026,0.980774,0.01912
ACGGTCACCGAGAACA-1,0.000299,0.000299,0.044262,0.000299,0.173942,0.780898
ACGTACAGATTTCTCT-1,0.000087,0.000087,0.874725,0.017908,0.062441,0.044752
ACGTACTTTGGCACGG-1,0.000361,0.000361,0.023293,0.000361,0.001444,0.974179
ACGTAGATTGCTGATG-1,0.183905,0.000353,0.000353,0.000353,0.615505,0.19953
ACGTAGGAGAGTCGCT-1,0.00014,0.00014,0.043425,0.018666,0.372929,0.5647
ACGTATTACTCCGATC-1,0.000131,0.000131,0.080357,0.000131,0.339598,0.579653
ACGTCCTAAACGAGAT-1,0.022744,0.000071,0.764518,0.000071,0.080439,0.132157
ACGTCGGGCAACTCGG-1,0.000094,0.000094,0.027703,0.004347,0.540463,0.427299
ACGTCTCGTTCCGGGA-1,0.000162,0.000162,0.656376,0.070583,0.000647,0.27207
ACGTGACAAAGTAAGT-1,0.000105,0.000105,0.212453,0.000105,0.058614,0.728618
ACGTGCGCCTCGTGCA-1,0.000214,0.000214,0.000214,0.367705,0.000855,0.630799
ACGTGGTCGAATGTGC-1,0.000064,0.000064,0.857277,0.000064,0.095901,0.04663
ACGTTAATGTCGAAGA-1,0.001667,0.001667,0.001667,0.001667,0.006669,0.986663
ACGTTAGATTTGCCCG-1,0.000505,0.000505,0.000505,0.000505,0.002021,0.995959
ACGTTCACTATGCCGC-1,0.000054,0.000054,0.000054,0.004308,0.862941,0.132589
ACGTTCCGCGCTCCGT-1,0.000107,0.000107,0.635817,0.186652,0.000428,0.176889
ACGTTCGCAATCAATT-1,0.000066,0.000066,0.014051,0.009528,0.652706,0.323583
ACGTTCGTTCAGGAAA-1,0.000645,0.000645,0.046272,0.000645,0.002581,0.949211
ACGTTCTGTACAAGTC-1,0.000077,0.000077,0.000077,0.000077,0.759134,0.240557
ACGTTGTCGTTGAAAG-1,0.000069,0.000069,0.008359,0.000069,0.445622,0.545813
ACGTTTAGTTGTGATC-1,0.000167,0.000167,0.096759,0.241032,0.174195,0.487679
ACTAATACGTCAGGCG-1,0.001099,0.001099,0.147305,0.001099,0.469377,0.38002
ACTACAAAGAGAGGTG-1,0.000129,0.000129,0.018098,0.000129,0.199949,0.781566
ACTACATCCCGACAAG-1,0.000572,0.000571,0.000572,0.000572,0.002286,0.995427
ACTACCAGCTCTCTGG-1,0.003275,0.00019,0.050652,0.474008,0.115436,0.356439
ACTACCATCCGAGGGC-1,0.000102,0.000102,0.070379,0.000102,0.20766,0.721656
ACTACGCGTTAGAATT-1,0.000279,0.000279,0.157048,0.000279,0.086953,0.755163
ACTAGTTGCGATCGTC-1,0.000033,0.000033,0.001704,0.003561,0.893559,0.101111
ACTATATGCTGTGTTC-1,0.103755,0.000935,0.212194,0.204873,0.003739,0.474504
ACTATCCAGGGCATGG-1,0.000028,0.000028,0.002933,0.006998,0.915198,0.074815
ACTATCGCCGGCTAAA-1,0.095326,0.000087,0.787502,0.066221,0.046132,0.004732
ACTATCTGCCCGCGTA-1,0.000058,0.000058,0.000058,0.000058,0.689713,0.310056
ACTATGTCCAGCTGCC-1,0.000562,0.000562,0.000562,0.000562,0.258628,0.739124
ACTATTCGTCCGTGGT-1,0.000055,0.000055,0.061187,0.000055,0.352713,0.585933
ACTATTTCCGGGCCCA-1,0.000575,0.000575,0.128773,0.000575,0.148839,0.720664
ACTCAACGAATGTATT-1,0.000926,0.000926,0.451822,0.156859,0.003705,0.385761
ACTCAAGTGCAAGGCT-1,0.000033,0.000033,0.000033,0.000033,0.836332,0.163534
ACTCAATAAAGGCACG-1,0.000138,0.000138,0.000138,0.03741,0.000552,0.961624
ACTCAGACCTGCTTCT-1,0.019145,0.000216,0.501377,0.455702,0.000864,0.022696
ACTCATGGCAGCCTTC-1,0.000128,0.000128,0.000128,0.000128,0.67937,0.320118
ACTCCAATATCATCAT-1,0.000641,0.000641,0.099208,0.000641,0.264479,0.63439
ACTCCCATTCCTAAAG-1,0.000145,0.000145,0.256633,0.097704,0.148464,0.496908
ACTCCCGAATTCGTTT-1,0.022366,0.000036,0.000036,0.000036,0.975054,0.002471
ACTCCCTAATGCTAAA-1,0.01798,0.000287,0.013599,0.000287,0.328003,0.639842
ACTCCCTAGAATAGTA-1,0.000578,0.000578,0.000578,0.053574,0.025576,0.919116
ACTCCGGCCGACCACT-1,0.000033,0.000033,0.000033,0.000033,0.697368,0.3025
ACTCGCCGTTCGATAA-1,0.000037,0.000037,0.005649,0.000037,0.836765,0.157476
ACTCGTAACCCGTCCT-1,0.000262,0.000262,0.074195,0.000262,0.123293,0.801727
ACTCGTCAGTAATCCC-1,0.096095,0.000953,0.000953,0.000953,0.286737,0.614311
ACTCTAAACCTGGGAT-1,0.00005,0.00005,0.436988,0.157775,0.338531,0.066606
ACTCTCTGACTTAGGT-1,0.000944,0.000944,0.077475,0.000944,0.237628,0.682066
ACTCTCTTATACACGA-1,0.163346,0.00115,0.00115,0.00115,0.004599,0.828606
ACTCTGACCTAATAGA-1,0.00005,0.00005,0.00005,0.00005,0.638993,0.360809
ACTCTTCAGCTCCCGC-1,0.000091,0.000091,0.000091,0.215115,0.544432,0.240179
ACTCTTGTATAGTAAC-1,0.002327,0.002326,0.002326,0.002326,0.009305,0.981391
ACTGAAACGCCGTTAG-1,0.000043,0.000043,0.000043,0.000043,0.790825,0.209003
ACTGAATGGCGAAAGT-1,0.000062,0.000062,0.000062,0.002491,0.696286,0.301038
ACTGATTTAGTGATTC-1,0.000117,0.000117,0.30386,0.000117,0.182332,0.513456
ACTGCCCGCCATTCTC-1,0.084399,0.000183,0.000183,0.000183,0.33624,0.578812
ACTGCCGTCGTAACTC-1,0.000093,0.000093,0.07529,0.000093,0.011406,0.913027
ACTGCGGACACACCGT-1,0.041671,0.00008,0.00008,0.017487,0.58783,0.352852
ACTGCTCGGAAGGATG-1,0.000214,0.000214,0.000214,0.000214,0.141007,0.858136
ACTGGGATGCCAGTGC-1,0.000179,0.000179,0.132564,0.058146,0.068059,0.740872
ACTGTACGATACACAT-1,0.075293,0.001351,0.001352,0.001352,0.424293,0.496359
ACTGTAGCACTTTGGA-1,0.000171,0.000171,0.224112,0.2052,0.000684,0.569662
ACTGTATACGCGAGCA-1,0.000094,0.000094,0.45104,0.012858,0.535724,0.000189
ACTGTCCAGGATTATA-1,0.041907,0.000115,0.000115,0.000115,0.556132,0.401615
ACTGTCTTCTTTAGAA-1,0.000419,0.000418,0.000419,0.000419,0.15578,0.842546
ACTGTGCTAGTAGATC-1,0.000214,0.000214,0.784877,0.138373,0.000855,0.075467
ACTGTTTAGTGTAGGC-1,0.000092,0.000092,0.570948,0.00253,0.239884,0.186453
ACTTACCGGGCGCGCA-1,0.161421,0.002128,0.002128,0.002128,0.008513,0.823682
ACTTACGCATCCACGC-1,0.00018,0.00018,0.117505,0.00018,0.172842,0.709113
ACTTATACTTACCCGG-1,0.000621,0.000621,0.000621,0.009885,0.15571,0.832541
ACTTATCTGATCTATA-1,0.125596,0.001163,0.400296,0.465966,0.004652,0.002326
ACTTATTAGGATCGGT-1,0.000242,0.000242,0.000242,0.32728,0.000969,0.671025
ACTTATTTATGTGCCA-1,0.022946,0.000096,0.042557,0.000096,0.689409,0.244896
ACTTCAGGCTGATCCC-1,0.000127,0.000127,0.000127,0.03239,0.54479,0.422438
ACTTCCAGTGGAAGCT-1,0.057151,0.000165,0.049772,0.000165,0.296261,0.596486
ACTTCCATGCGGGACA-1,0.000038,0.000038,0.000038,0.000038,0.933609,0.066238
ACTTCGCCATACGCAC-1,0.073518,0.000316,0.000317,0.000317,0.767832,0.1577
ACTTGACTCCCTCTTT-1,0.001695,0.001695,0.232606,0.001695,0.006782,0.755527
ACTTGCCATATTGTAC-1,0.000186,0.000186,0.700029,0.147101,0.000745,0.151752
ACTTGCTCTATCTACC-1,0.000181,0.000181,0.038592,0.071894,0.661256,0.227896
ACTTGGGACCCGGTGG-1,0.008655,0.000154,0.000154,0.058685,0.000615,0.931738
ACTTGTAGTCCCTTCA-1,0.000186,0.000186,0.348208,0.152374,0.000745,0.4983
ACTTGTGGATGGAACG-1,0.000062,0.000062,0.017651,0.000062,0.708783,0.27338
ACTTGTTACCGGATCA-1,0.187379,0.00015,0.145392,0.076937,0.15778,0.432362
ACTTTACCCTCATGAA-1,0.03367,0.000085,0.02635,0.028875,0.649028,0.261993
ACTTTATACACCACTT-1,0.027294,0.00013,0.011039,0.00013,0.611651,0.349757
ACTTTCCTATAGCTTC-1,0.000318,0.000317,0.000318,0.000318,0.00127,0.99746
ACTTTGACTGCATCCT-1,0.000281,0.000281,0.29459,0.402596,0.122848,0.179404
ACTTTGGTCGTGCTCC-1,0.118126,0.000516,0.053636,0.000516,0.002062,0.825145
ACTTTGTCGACGCACT-1,0.000053,0.000053,0.000053,0.000053,0.776744,0.223045
AGAAATTATGACTCGC-1,0.000025,0.000025,0.054742,0.000025,0.809277,0.135906
AGAACACGGCGATGGT-1,0.000057,0.000057,0.030501,0.000057,0.504422,0.464907
AGAACCCTCAATTGGG-1,0.000182,0.000181,0.000182,0.000182,0.594738,0.404536
AGAACGTGGTACATTC-1,0.000181,0.000181,0.000181,0.000181,0.803053,0.196223
AGAACTGTACTTTGTA-1,0.00005,0.00005,0.005115,0.010859,0.748636,0.235289
AGAAGAGCGCCGTTCC-1,0.009092,0.009091,0.009093,0.009093,0.036374,0.927256
AGAAGGTACACTTCAC-1,0.000146,0.000146,0.12041,0.000146,0.205443,0.673708
AGAAGGTTGCCGAATT-1,0.042584,0.000056,0.013473,0.031289,0.539159,0.373439
AGAAGGTTGTAGGTCG-1,0.000212,0.000212,0.135906,0.000212,0.358055,0.505403
AGAAGTGATTCGTGAT-1,0.000152,0.000152,0.196401,0.000152,0.190052,0.613092
AGAATAAATCTTCAGG-1,0.000096,0.000096,0.347091,0.118909,0.346166,0.187642
AGAATACAGGCTATCC-1,0.000044,0.000044,0.000044,0.013885,0.773739,0.212242
