Barcode,Topic 1,Topic 2,Topic 3,Topic 4,Topic 5,Topic 6,Topic 7,Topic 8,Topic 9,Topic 10
AAACAACGAATAGTTC-1,0.003031,0.00303,0.789971,0.003031,0.003031,0.003031,0.003031,0.003031,0.185781,0.003031
AAACAAGTATCTCCCA-1,0.000034,0.000034,0.000034,0.003991,0.007823,0.220582,0.071584,0.391297,0.196081,0.108539
AAACAATCTACTAGCA-1,0.125413,0.000412,0.370423,0.447422,0.000412,0.000412,0.000412,0.000412,0.054273,0.000412
AAACACCAATAACTGC-1,0.000935,0.000935,0.065287,0.000935,0.174589,0.000935,0.000935,0.000935,0.75358,0.000935
AAACAGAGCGACTCCT-1,0.000281,0.000281,0.153032,0.000281,0.61244,0.000281,0.022847,0.209995,0.000281,0.000281
AAACAGCTTTCAGAAG-1,0.00014,0.00014,0.643239,0.074774,0.00014,0.00014,0.00014,0.00014,0.281003,0.00014
AAACAGGGTCTATATT-1,0.000127,0.000127,0.072656,0.000127,0.227419,0.000127,0.000127,0.000127,0.541176,0.157984
AAACAGTGTTCCTGGG-1,0.029095,0.000111,0.000111,0.000111,0.271768,0.000111,0.000111,0.036129,0.662081,0.000372
AAACATGGTGAGAGGA-1,0.000106,0.000106,0.033544,0.000106,0.401814,0.000106,0.000106,0.000106,0.503258,0.060748
AAACATTTCCCGGATT-1,0.012854,0.000093,0.000093,0.00335,0.000093,0.458185,0.102846,0.045392,0.224438,0.152656
AAACCCGAACGAAATC-1,0.045433,0.000032,0.009334,0.002731,0.020859,0.027551,0.319926,0.303574,0.257338,0.013222
AAACCGGAAATGTTAA-1,0.000011,0.000011,0.017209,0.006369,0.014784,0.480356,0.122449,0.294596,0.050302,0.013913
AAACCGGGTAGGTACC-1,0.153253,0.000088,0.321771,0.00081,0.129477,0.000088,0.000088,0.000088,0.394248,0.000088
AAACCGTTCGTCCAGG-1,0.00006,0.00006,0.00006,0.00006,0.00006,0.00006,0.00006,0.024695,0.368469,0.606418
AAACCTAAGCAGCCGG-1,0.021266,0.00003,0.020217,0.00003,0.005653,0.037467,0.269968,0.427086,0.19432,0.023963
AAACCTCATGAAGTTG-1,0.000151,0.000151,0.318491,0.426765,0.000151,0.000151,0.000151,0.000151,0.253685,0.000151
AAACGAAGATGGAGTA-1,0.000084,0.000084,0.000084,0.000084,0.39302,0.000084,0.000084,0.000084,0.581243,0.025147
AAACGAGACGGTTGAT-1,0.001235,0.001235,0.001235,0.199477,0.289035,0.001235,0.001235,0.001235,0.455258,0.048821
AAACGGGCGTACGGGT-1,0.011281,0.000025,0.020802,0.000025,0.24584,0.213812,0.249866,0.092433,0.077973,0.087944
AAACGGGTTGGTATCC-1,0.0437,0.002273,0.938114,0.002274,0.002273,0.002273,0.002273,0.002273,0.002273,0.002273
AAACGGTTGCGAACTG-1,0.000093,0.000093,0.036473,0.000093,0.25127,0.111737,0.027422,0.178685,0.34291,0.051223
AAACTCGGTTCGCAAT-1,0.147138,0.00024,0.105155,0.00024,0.204664,0.00024,0.00024,0.00024,0.505521,0.036323
AAACTCGTGATATAAG-1,0.095966,0.001137,0.001137,0.001137,0.001137,0.001137,0.001137,0.001137,0.894941,0.001137
AAACTGCTGGCTCCAA-1,0.001042,0.001042,0.09746,0.001042,0.190301,0.001042,0.001042,0.001042,0.704945,0.001042
AAACTTAATTGCACGC-1,0.000667,0.000667,0.000667,0.000667,0.000667,0.000667,0.000667,0.000667,0.993999,0.000667
AAACTTGCAAACGTAT-1,0.000145,0.000145,0.068274,0.000145,0.094845,0.000145,0.000145,0.000145,0.666317,0.169694
AAAGAATGACCTTAGA-1,0.000214,0.000214,0.078593,0.000214,0.280392,0.023153,0.000214,0.000214,0.616577,0.000214
AAAGAATGTGGACTAA-1,0.000014,0.000014,0.006443,0.000014,0.11056,0.055675,0.379676,0.361213,0.035456,0.050934
AAAGACATGAAGTTTA-1,0.108002,0.000355,0.000355,0.000355,0.321253,0.000355,0.000355,0.000355,0.276605,0.292011
AAAGACCCAAGTCGCG-1,0.000051,0.000051,0.847587,0.077216,0.008472,0.000051,0.034734,0.007293,0.024493,0.000051
AAAGACTGGGCGCTTT-1,0.000137,0.000137,0.451625,0.393401,0.04484,0.000137,0.000137,0.000137,0.109313,0.000137
AAAGCTTGCCTACATA-1,0.000132,0.000132,0.000132,0.124933,0.000132,0.000132,0.000132,0.000132,0.385179,0.488962
AAAGGCCCTATAATAC-1,0.000294,0.000294,0.000294,0.000294,0.119483,0.000294,0.000294,0.000294,0.878164,0.000294
AAAGGCTACGGACCAT-1,0.18163,0.000292,0.038206,0.000292,0.101596,0.000292,0.000292,0.000292,0.676814,0.000292
AAAGGCTCTCGCGCCG-1,0.000337,0.000337,0.047962,0.000337,0.050828,0.000337,0.000337,0.000337,0.799387,0.099802
AAAGGGATGTAGCAAG-1,0.000047,0.000047,0.025512,0.000047,0.140904,0.0282,0.022324,0.136217,0.079544,0.567156
AAAGGGCAGCTTGAAT-1,0.000163,0.000163,0.000164,0.735888,0.000163,0.000163,0.117764,0.000163,0.10012,0.045246
AAAGGTAAGCTGTACC-1,0.027007,0.00037,0.458021,0.120547,0.00037,0.00037,0.150666,0.00037,0.241907,0.00037
AAAGTAGCATTGCTCA-1,0.000098,0.000098,0.000098,0.000098,0.497502,0.030105,0.062753,0.071672,0.205481,0.132096
AAAGTCGACCCTCAGT-1,0.000111,0.000111,0.469868,0.386774,0.084508,0.000111,0.000111,0.000111,0.058182,0.000111
AAAGTGCCATCAATTA-1,0.00004,0.00004,0.016467,0.013279,0.122819,0.18479,0.096985,0.454311,0.095416,0.015854
AAAGTGTGATTTATCT-1,0.000119,0.000119,0.000119,0.000119,0.000119,0.013489,0.36579,0.009381,0.610465,0.000282
AAAGTTGACTCCCGTA-1,0.00004,0.00004,0.056928,0.00004,0.004268,0.250762,0.042983,0.503002,0.124139,0.017797
AAATAACCATACGGGA-1,0.000388,0.000388,0.000388,0.029012,0.01807,0.000388,0.000388,0.000388,0.802456,0.148135
AAATAAGGTAGTGCCC-1,0.001471,0.001471,0.001471,0.001471,0.193889,0.001471,0.001471,0.001471,0.794343,0.001471
AAATACCTATAAGCAT-1,0.000274,0.000274,0.000274,0.008853,0.450925,0.214836,0.07332,0.000274,0.156742,0.094228
AAATAGCTTAGACTTT-1,0.000039,0.000039,0.000039,0.006697,0.247052,0.207487,0.136938,0.222389,0.087219,0.092101
AAATAGGGTGCTATTG-1,0.029831,0.000055,0.104857,0.000055,0.328517,0.236363,0.112576,0.0227,0.074962,0.090085
AAATCCGATACACGCC-1,0.003496,0.000034,0.000034,0.000034,0.022888,0.09352,0.303912,0.31955,0.255186,0.001346
AAATCGCGGAAGGAGT-1,0.000114,0.000114,0.071319,0.000114,0.221233,0.000114,0.000114,0.000114,0.706647,0.000114
AAATCGTGTACCACAA-1,0.000147,0.000147,0.023246,0.000147,0.000147,0.000147,0.000147,0.000147,0.663674,0.31205
AAATCTAGCCCTGCTA-1,0.000076,0.000076,0.000076,0.000076,0.016788,0.223767,0.177323,0.154589,0.41741,0.009817
AAATCTGCCCGCGTCC-1,0.0001,0.0001,0.0001,0.0001,0.480275,0.0001,0.0001,0.0001,0.518922,0.0001
AAATGATTCGATCAGC-1,0.190262,0.001755,0.097034,0.001755,0.101387,0.001755,0.001755,0.001755,0.297369,0.305174
AAATGCTCGTTACGTT-1,0.000218,0.000218,0.461538,0.400655,0.000218,0.000218,0.000218,0.05027,0.086227,0.000218
AAATGGCATGTCTTGT-1,0.000141,0.000141,0.038302,0.268152,0.000141,0.107876,0.000141,0.000141,0.467183,0.11778
AAATGGCCCGTGCCCT-1,0.000184,0.000184,0.24745,0.000184,0.091599,0.000184,0.000184,0.000184,0.659661,0.000184
AAATGGTCAATGTGCC-1,0.00025,0.00025,0.00025,0.00025,0.00025,0.00025,0.00025,0.00025,0.997749,0.00025
AAATGTATCTTATCCC-1,0.000073,0.000073,0.501806,0.030546,0.156163,0.278452,0.000073,0.000073,0.032668,0.000073
AAATGTGGGTGCTCCT-1,0.134977,0.00011,0.441462,0.1927,0.200075,0.00011,0.020211,0.010135,0.00011,0.00011
AAATTAACGGGTAGCT-1,0.000901,0.000901,0.000901,0.002194,0.000901,0.000901,0.000901,0.000901,0.990597,0.000901
AAATTAATAAGCGCGA-1,0.000018,0.000018,0.164593,0.015188,0.509644,0.115877,0.087697,0.012614,0.000018,0.094333
AAATTACACGACTCTG-1,0.000107,0.000107,0.000107,0.000107,0.085601,0.000107,0.00013,0.140345,0.022087,0.7513
AAATTACCTATCGATG-1,0.179816,0.001515,0.129283,0.001516,0.001516,0.001516,0.001516,0.001516,0.680292,0.001516
AAATTCCAGGTCCAAA-1,0.000024,0.000024,0.000024,0.018624,0.001393,0.013587,0.055539,0.774769,0.118655,0.017361
AAATTGATAGTCCTTT-1,0.000075,0.000075,0.000075,0.000075,0.591459,0.005328,0.000075,0.100764,0.125265,0.176811
AAATTGCGGCGGTTCT-1,0.002704,0.002703,0.311242,0.002703,0.002703,0.002703,0.002703,0.002703,0.667131,0.002703
AAATTTACCGAAATCC-1,0.000258,0.000258,0.308514,0.000258,0.000258,0.034837,0.000258,0.000258,0.654841,0.000258
AAATTTGCGGGTGTGG-1,0.000163,0.000163,0.082285,0.000163,0.000163,0.000163,0.000163,0.000163,0.916414,0.000163
AACAACTGGTAGTTGC-1,0.052147,0.000165,0.010845,0.4128,0.10099,0.000165,0.000165,0.000165,0.422395,0.000165
AACAATACATTGTCGA-1,0.053898,0.000463,0.000463,0.000463,0.281357,0.000463,0.000463,0.000463,0.661503,0.000463
AACAATTACTCTACGC-1,0.000158,0.000157,0.000158,0.83941,0.130689,0.000158,0.000158,0.000158,0.000158,0.028797
AACACACGCTCGCCGC-1,0.000058,0.000058,0.000058,0.000058,0.018891,0.312393,0.237664,0.008758,0.418744,0.003318
AACACGACTGTACTGA-1,0.000051,0.000051,0.822842,0.032535,0.031504,0.000051,0.000051,0.000051,0.083009,0.029853
AACACGAGACGCGGCC-1,0.000098,0.000098,0.052845,0.000098,0.454275,0.055401,0.000098,0.019276,0.36569,0.05212
AACACGCGGCCGCGAA-1,0.175351,0.00125,0.275538,0.00125,0.00125,0.00125,0.00125,0.00125,0.540358,0.00125
AACAGCTGTGTGGCAA-1,0.002929,0.000145,0.07029,0.000145,0.571764,0.013778,0.000145,0.008269,0.327619,0.004916
AACAGGAAATCGAATA-1,0.033247,0.000082,0.045839,0.236091,0.08848,0.07524,0.077884,0.000082,0.370212,0.072844
AACAGGATGGGCCGCG-1,0.000181,0.000181,0.133832,0.613526,0.000181,0.000181,0.065545,0.082496,0.032633,0.071244
AACAGGTAGTATGGAT-1,0.00002,0.00002,0.00002,0.00002,0.022085,0.06833,0.314951,0.543947,0.035689,0.014918
AACATAGCGTGTATCG-1,0.000026,0.000026,0.000026,0.000026,0.049021,0.025855,0.430578,0.324774,0.09966,0.070009
AACATATCAACTGGTG-1,0.229095,0.00164,0.00164,0.00164,0.403473,0.00164,0.00164,0.00164,0.355954,0.00164
AACATTGAAGTTGATC-1,0.00008,0.00008,0.00008,0.00008,0.507752,0.00008,0.100128,0.107983,0.192043,0.091693
AACATTGGTCAGCCGT-1,0.321663,0.003704,0.240739,0.003705,0.003705,0.003705,0.003705,0.003705,0.411664,0.003705
AACATTGTGACTCGAG-1,0.00034,0.00034,0.00034,0.00034,0.2039,0.000447,0.05624,0.00034,0.737371,0.00034
AACCAAGACTTCTCTG-1,0.000154,0.000154,0.186068,0.603856,0.071929,0.000154,0.000154,0.000154,0.137225,0.000154
AACCAGTATCACTCTT-1,0.092554,0.001334,0.001334,0.001334,0.218103,0.001334,0.001334,0.001334,0.680007,0.001334
AACCATAGGGTTGAAC-1,0.000455,0.000455,0.031672,0.000455,0.000455,0.000455,0.000455,0.000455,0.96469,0.000455
AACCATGGGATCGCTA-1,0.000127,0.000127,0.669195,0.141674,0.077126,0.000127,0.000127,0.000127,0.051409,0.059958
AACCCAGAGACGGAGA-1,0.000071,0.000071,0.858045,0.141016,0.000071,0.000071,0.000071,0.000071,0.000443,0.000071
AACCCATCCCATGATC-1,0.000505,0.000505,0.114496,0.000505,0.264184,0.000505,0.000505,0.000505,0.540861,0.077429
AACCCGACAACCCGTG-1,0.000169,0.000169,0.041781,0.000169,0.193267,0.000169,0.000169,0.000169,0.763767,0.000169
AACCCGAGCAGAATCG-1,0.010912,0.000033,0.010112,0.004346,0.035663,0.102715,0.343112,0.462086,0.00629,0.02473
AACCCGCTGTATTCCA-1,0.022357,0.000093,0.000093,0.082672,0.357537,0.03388,0.08828,0.054775,0.350069,0.010244
AACCCTACTGTCAATA-1,0.000097,0.000097,0.114746,0.006233,0.007478,0.254131,0.120528,0.050472,0.422866,0.023351
AACCCTGGTGGAACCA-1,0.000044,0.000044,0.785064,0.000059,0.000044,0.014101,0.023345,0.01532,0.10639,0.055591
AACCGAGCTTGGTCAT-1,0.000094,0.000094,0.02112,0.053171,0.444694,0.011497,0.021778,0.07088,0.295751,0.080922
AACCGCTAAGGGATGC-1,0.000059,0.000059,0.000059,0.000059,0.000059,0.02689,0.261537,0.276441,0.425341,0.009495
AACCGTTGTGTTTGCT-1,0.000096,0.000096,0.941556,0.000096,0.000096,0.000096,0.000096,0.000096,0.000096,0.057676
AACCTAAAGCCGTCCG-1,0.000087,0.000087,0.673468,0.000087,0.000087,0.131591,0.000087,0.000087,0.137149,0.057267
AACCTCGCTTTAGCCC-1,0.000107,0.000107,0.000107,0.000107,0.003673,0.302688,0.016396,0.127889,0.247309,0.301617
AACCTGTCACGGAATT-1,0.000047,0.000047,0.000047,0.011407,0.016439,0.073417,0.462517,0.154842,0.179519,0.101718
AACCTTTAAATACGGT-1,0.134403,0.000459,0.000459,0.164658,0.10631,0.000459,0.000459,0.000459,0.591877,0.000459
AACCTTTACGACGTCT-1,0.002128,0.002128,0.196043,0.002128,0.002128,0.002128,0.002128,0.002128,0.786931,0.002128
AACGAAAGTCGTCCCA-1,0.000083,0.000083,0.001175,0.000083,0.156445,0.000083,0.000083,0.000083,0.807194,0.034689
AACGACCTCCTAGCCG-1,0.000069,0.000069,0.004606,0.005574,0.036175,0.490283,0.159882,0.036764,0.261794,0.004782
AACGATAATGCCGTAG-1,0.000377,0.000377,0.04975,0.000377,0.000377,0.151189,0.000377,0.000377,0.796418,0.000377
AACGATAGAAGGGCCG-1,0.000095,0.000095,0.801036,0.054587,0.000095,0.000095,0.000095,0.000095,0.143709,0.000095
AACGATATGTCAACTG-1,0.041351,0.00031,0.023674,0.00031,0.00031,0.00031,0.00031,0.00031,0.932697,0.000419
AACGCATGATCTGGGT-1,0.003705,0.003704,0.003705,0.003705,0.003705,0.003705,0.003705,0.003705,0.966657,0.003705
AACGCGAACGGCAACA-1,0.147653,0.001695,0.420309,0.42017,0.001695,0.001695,0.001695,0.001695,0.001695,0.001695
AACGCGACCTTGGGCG-1,0.000205,0.000205,0.000205,0.083763,0.111111,0.000205,0.000205,0.000205,0.803689,0.000205
AACGCGGTCTCCAGCC-1,0.039295,0.000208,0.095275,0.000208,0.000208,0.000208,0.000208,0.000208,0.863974,0.000208
AACGCTGTTGCTGAAA-1,0.000081,0.000081,0.000081,0.000081,0.000081,0.060006,0.406629,0.040858,0.470073,0.022027
AACGGACGTACGTATA-1,0.000033,0.000033,0.000033,0.004326,0.014308,0.007763,0.031927,0.775848,0.149697,0.016032
AACGGCCATCTCCGGT-1,0.022827,0.000217,0.000217,0.000217,0.000217,0.000217,0.000217,0.000217,0.924747,0.050907
AACGTACTGTGGGTAC-1,0.000184,0.000184,0.15738,0.130381,0.000184,0.000184,0.000184,0.000184,0.684455,0.026682
AACGTAGTCTACCCAT-1,0.114686,0.003847,0.003847,0.487007,0.166784,0.003847,0.003847,0.003847,0.20844,0.003847
AACGTCAGACTAGTGG-1,0.00017,0.00017,0.00017,0.68334,0.00017,0.00017,0.102712,0.027337,0.167664,0.018099
AACGTCGCTGCACTTC-1,0.000022,0.000022,0.000022,0.000022,0.010107,0.037348,0.137576,0.779083,0.021747,0.014052
AACGTGATGAAGGACA-1,0.000714,0.000714,0.000715,0.108287,0.000715,0.000715,0.000715,0.000715,0.885997,0.000715
AACGTGCGAAAGTCTC-1,0.1634,0.001667,0.001667,0.001667,0.001667,0.001667,0.001667,0.001667,0.823263,0.001667
AACTACCCGTTTGTCA-1,0.000079,0.000079,0.000079,0.000079,0.000079,0.000079,0.456873,0.042048,0.489823,0.010783
AACTAGCGTATCGCAC-1,0.036593,0.000595,0.48014,0.000595,0.000595,0.000595,0.000595,0.000595,0.4791,0.000595
AACTAGGCTTGGGTGT-1,0.108675,0.000463,0.21659,0.000463,0.000463,0.000463,0.000463,0.161273,0.44263,0.068516
AACTCAAGTTAATTGC-1,0.000065,0.000065,0.018052,0.038538,0.035292,0.000065,0.100547,0.005378,0.417417,0.384582
AACTCCAGAGCGTGTT-1,0.000128,0.000128,0.000128,0.000128,0.072966,0.000128,0.49153,0.159445,0.129254,0.146164
AACTCCTAATCCCATG-1,0.001853,0.001852,0.250115,0.001852,0.001852,0.001852,0.001852,0.001852,0.423839,0.313079
AACTCGATAAACACGT-1,0.002704,0.002703,0.379737,0.002704,0.002703,0.002704,0.002704,0.002704,0.598635,0.002703
AACTCGATGGCGCAGT-1,0.109699,0.000213,0.553597,0.106615,0.000213,0.000213,0.000213,0.000213,0.228808,0.000213
AACTCTCAATAGAGCG-1,0.000182,0.000182,0.000182,0.000182,0.273771,0.000182,0.000182,0.440764,0.14446,0.139916
AACTCTCAGTGTGCTC-1,0.000129,0.000129,0.041717,0.000129,0.000129,0.000129,0.000129,0.000129,0.728833,0.228547
AACTGATATTAGGCCT-1,0.000192,0.000192,0.000192,0.415867,0.000192,0.000192,0.000192,0.000192,0.582594,0.000192
AACTGGGTCCCGACGT-1,0.020962,0.000075,0.181459,0.000075,0.256104,0.213436,0.054419,0.000075,0.234808,0.038587
AACTGGGTTCGAGCCG-1,0.050535,0.000369,0.00085,0.000369,0.000369,0.000369,0.000369,0.000369,0.946031,0.000369
AACTGGTGTGGGCCTT-1,0.000095,0.000095,0.999142,0.000095,0.000095,0.000095,0.000095,0.000095,0.000095,0.000095
AACTTGCCCGTATGCA-1,0.00018,0.00018,0.00018,0.73993,0.00018,0.00018,0.00018,0.00018,0.222612,0.036199
AACTTGCGTTCTCGCG-1,0.000136,0.000136,0.906754,0.000136,0.000136,0.000136,0.000136,0.000136,0.092159,0.000136
AACTTTACGGGAGCTT-1,0.000052,0.000052,0.179907,0.038532,0.517235,0.013101,0.155201,0.0164,0.000052,0.079469
AACTTTAGCTGCTGAG-1,0.120668,0.000117,0.778264,0.000117,0.000117,0.000117,0.000117,0.000117,0.10025,0.000117
AAGAAAGTTTGATGGG-1,0.000072,0.000072,0.000072,0.000072,0.020493,0.000072,0.000072,0.000072,0.978933,0.000072
AAGAAGGATCAGTTAG-1,0.000115,0.000115,0.828271,0.086097,0.03449,0.000115,0.000115,0.000115,0.050452,0.000115
AAGACATACGTGGTTT-1,0.000035,0.000035,0.000035,0.010986,0.085386,0.057283,0.203002,0.583271,0.000035,0.059931
AAGACCAAATAACTCA-1,0.000048,0.000048,0.078154,0.005577,0.265756,0.000048,0.001084,0.039172,0.599176,0.010937
AAGACCCAACTGAACA-1,0.000072,0.000072,0.000072,0.000072,0.509676,0.00292,0.000072,0.219947,0.267024,0.000072
AAGACTAACCCGTTGT-1,0.00345,0.003448,0.346494,0.003449,0.003449,0.003449,0.003449,0.003449,0.625914,0.003449
AAGACTCACGCCCACT-1,0.000253,0.000253,0.000253,0.142526,0.520077,0.000253,0.141271,0.000253,0.07803,0.116832
AAGACTGCAAGCTACT-1,0.000521,0.000521,0.000521,0.000521,0.339355,0.000521,0.000521,0.000521,0.656478,0.000521
AAGAGATGAATCGGTA-1,0.030061,0.000177,0.021202,0.792342,0.000177,0.000177,0.062857,0.000177,0.092653,0.000177
AAGAGCTCTTTATCGG-1,0.038725,0.000146,0.000146,0.000146,0.560784,0.004539,0.000146,0.354721,0.000146,0.040501
AAGAGGATGTACGCGA-1,0.000256,0.000256,0.148893,0.222064,0.000256,0.000256,0.000256,0.000256,0.627248,0.000256
AAGAGGCATGGATCGC-1,0.001539,0.001539,0.001539,0.001539,0.001539,0.001539,0.001539,0.20172,0.68024,0.107267
AAGAGGCCCTTTGGAA-1,0.000128,0.000128,0.000128,0.000128,0.021473,0.109163,0.500351,0.079602,0.28877,0.000128
AAGATGGCACCGGACC-1,0.000244,0.000244,0.000244,0.000244,0.266909,0.000244,0.000244,0.000244,0.718559,0.012824
AAGATTGGCGGAACGT-1,0.002942,0.002941,0.341097,0.287321,0.002942,0.002942,0.002942,0.002942,0.350991,0.002942
AAGCACCCTGCGTATC-1,0.057343,0.00084,0.000841,0.000841,0.000841,0.000841,0.000841,0.000841,0.923026,0.013748
AAGCATACTCTCCTGA-1,0.076056,0.000204,0.085015,0.000204,0.466112,0.000204,0.000204,0.000204,0.225623,0.146174
AAGCCACTTGCAGGTA-1,0.000062,0.000062,0.050932,0.000062,0.443056,0.000062,0.000062,0.000062,0.505578,0.000062
AAGCCGAAGCGGTTTA-1,0.000032,0.000032,0.000032,0.000032,0.029838,0.214378,0.115841,0.508578,0.11618,0.01506
AAGCCGCCGTGAAATC-1,0.058874,0.000095,0.039186,0.000095,0.687917,0.000095,0.000095,0.013965,0.191391,0.008288
AAGCCGGAGAGCAGGA-1,0.000029,0.000029,0.000029,0.000029,0.033641,0.12844,0.285027,0.44308,0.005461,0.104235
AAGCGCAGGGCTTTGA-1,0.000094,0.000094,0.000094,0.105419,0.18111,0.000094,0.263174,0.041242,0.225407,0.18327
AAGCGGCGTCATGGGT-1,0.005001,0.005002,0.005001,0.005001,0.005001,0.005001,0.005001,0.005001,0.954989,0.005002
AAGCGTCCCTCATCGA-1,0.000093,0.000093,0.044442,0.000093,0.954814,0.000093,0.000093,0.000093,0.000093,0.000093
AAGCTAGATCGAGTAA-1,0.000447,0.000446,0.082372,0.000447,0.000447,0.000447,0.000447,0.000447,0.914055,0.000447
AAGCTCGTGCCAAGTC-1,0.000662,0.000662,0.000662,0.054472,0.000662,0.000662,0.000662,0.42679,0.000662,0.514101
AAGCTCTTTCATGGTG-1,0.000113,0.000113,0.000113,0.000113,0.066491,0.129421,0.170828,0.120727,0.314744,0.197337
AAGGAGAACTTATAAG-1,0.084678,0.000123,0.813514,0.033574,0.000123,0.000123,0.000123,0.000123,0.067499,0.000123
AAGGAGCGGTTGGTGC-1,0.000196,0.000196,0.065127,0.014567,0.15911,0.000196,0.000196,0.000196,0.760022,0.000196
AAGGATCGATCGCTTG-1,0.000061,0.000061,0.000061,0.000061,0.000061,0.017628,0.545981,0.047872,0.344706,0.043509
AAGGATGAGGGACCTC-1,0.153955,0.0025,0.333939,0.002501,0.293007,0.002501,0.002501,0.002501,0.204096,0.002501
AAGGCAGGCTGTCTCC-1,0.000049,0.000049,0.01738,0.001842,0.005933,0.277541,0.321112,0.090133,0.21391,0.072052
AAGGCGCGTAAAGCTT-1,0.021886,0.000136,0.084196,0.566042,0.02179,0.000136,0.000136,0.000136,0.305407,0.000136
AAGGCTGTGCTCATCG-1,0.000225,0.000225,0.117161,0.009937,0.000225,0.000225,0.000225,0.000225,0.871326,0.000225
AAGGGAACGACTGGCT-1,0.000117,0.000117,0.000117,0.000117,0.55334,0.037026,0.110383,0.089345,0.192314,0.017125
AAGGGACAGATTCTGT-1,0.002274,0.002273,0.002273,0.002273,0.002273,0.002273,0.002273,0.002273,0.97954,0.002273
AAGGGACTATGCATTC-1,0.000524,0.000524,0.000524,0.000524,0.354777,0.000524,0.000524,0.000524,0.436239,0.205318
AAGGGTTTGATTTCAG-1,0.000175,0.000175,0.170843,0.000175,0.140552,0.000176,0.000175,0.000175,0.687377,0.000175
AAGGTATCCTAATATA-1,0.00087,0.00087,0.048084,0.00087,0.00087,0.283868,0.00087,0.00087,0.66196,0.00087
AAGGTGATAAACCAGC-1,0.017018,0.000029,0.006883,0.00192,0.058324,0.018011,0.515327,0.36317,0.015894,0.003423
AAGTAAGCTTCCAAAC-1,0.228315,0.002041,0.41365,0.002041,0.002041,0.002041,0.002041,0.002041,0.343746,0.002041
AAGTAGAAGACCGGGT-1,0.000132,0.000132,0.349215,0.454997,0.000132,0.000132,0.000132,0.047916,0.140476,0.006736
AAGTAGTGACGCGAGG-1,0.078797,0.00015,0.265748,0.400917,0.00015,0.00015,0.023255,0.00015,0.230533,0.00015
AAGTCAATTGTCGTCA-1,0.000058,0.000058,0.000058,0.00839,0.027266,0.037738,0.325027,0.289872,0.272641,0.038895
AAGTCTTCTGTGGCCT-1,0.000179,0.000179,0.127749,0.209748,0.178309,0.191047,0.000179,0.000179,0.283906,0.008524
AAGTGACGACCGAATT-1,0.000191,0.00019,0.245276,0.000191,0.000191,0.000191,0.000191,0.000191,0.7532,0.000191
AAGTGAGTCGGGTTTA-1,0.000725,0.000725,0.000725,0.04342,0.000725,0.000725,0.000725,0.000725,0.950782,0.000725
AAGTGCAAAGGTAGAC-1,0.000211,0.000211,0.150579,0.594346,0.000211,0.100981,0.000211,0.000211,0.15283,0.000211
AAGTGCCTTGACTGTA-1,0.000648,0.000025,0.019187,0.000025,0.018761,0.011765,0.128092,0.753678,0.055428,0.012392
AAGTGCGTTAGAATCT-1,0.000122,0.000122,0.019632,0.011642,0.210561,0.076355,0.000122,0.049141,0.632183,0.000122
AAGTGCTTCTCTATTG-1,0.000186,0.000186,0.000186,0.000186,0.198515,0.000186,0.000186,0.000186,0.799995,0.000186
AAGTGTTTGGAGACGG-1,0.000131,0.000131,0.059142,0.033501,0.000131,0.398269,0.154843,0.000131,0.353592,0.000131
AAGTTCACTCCAAGCT-1,0.000073,0.000073,0.000073,0.025343,0.021868,0.301238,0.191036,0.171791,0.250454,0.038053
AAGTTCAGTCTGCGTA-1,0.183799,0.002174,0.002175,0.002174,0.23064,0.002175,0.002175,0.002175,0.570339,0.002175
AAGTTCGGCCAACAGG-1,0.064683,0.000259,0.000259,0.000259,0.000259,0.000259,0.000259,0.000259,0.933244,0.000259
AAGTTGTGATGTTATA-1,0.000035,0.000035,0.000035,0.000035,0.008758,0.165414,0.183448,0.550018,0.049781,0.042442
AAGTTTACTAATGGCA-1,0.00009,0.00009,0.800947,0.00009,0.063602,0.00009,0.00009,0.00009,0.107433,0.027477
AAGTTTATGGGCCCAA-1,0.062067,0.000113,0.127474,0.000113,0.041375,0.028454,0.002656,0.04489,0.692744,0.000113
AATAACAACGCTCGGC-1,0.000159,0.000159,0.000159,0.731496,0.000159,0.000159,0.000159,0.000159,0.248861,0.018532
AATAACACTAGAACAA-1,0.12372,0.000125,0.080527,0.062701,0.189958,0.000125,0.000125,0.000125,0.248195,0.294398
AATAAGTCCTCGAGAC-1,0.000037,0.000037,0.881744,0.003349,0.024316,0.000037,0.003413,0.000037,0.000037,0.086994
AATAATCTTCGTATCG-1,0.000013,0.000013,0.000013,0.006053,0.006525,0.031932,0.0731,0.882328,0.000013,0.000013
AATACAATGTTTCAGG-1,0.000253,0.000253,0.246387,0.559296,0.000253,0.000253,0.000253,0.000253,0.192545,0.000253
AATACCGGAGGGCTGT-1,0.101327,0.000255,0.055368,0.000255,0.186536,0.000255,0.000255,0.000255,0.655238,0.000255
AATACCTGATGTGAAC-1,0.000017,0.000017,0.006221,0.001637,0.144417,0.059416,0.386947,0.314253,0.0648,0.022275
AATAGAACAGAGTGGC-1,0.000049,0.000049,0.000049,0.000049,0.000049,0.000049,0.000049,0.057076,0.03072,0.911863
AATAGAATCTGTTTCA-1,0.000053,0.000053,0.000053,0.000053,0.021348,0.017152,0.364754,0.39276,0.197162,0.006611
AATAGCTACCGCGTGC-1,0.113196,0.001667,0.122517,0.001667,0.001667,0.001667,0.001667,0.001667,0.752616,0.001667
AATAGTCCGTCCCGAC-1,0.141936,0.000405,0.000405,0.000405,0.492739,0.000405,0.000405,0.00836,0.354536,0.000405
AATATCAAGGTCGGAT-1,0.001017,0.000142,0.947485,0.050505,0.000142,0.000142,0.000142,0.000142,0.000142,0.000142
AATATCCTAGCAAACT-1,0.000078,0.000078,0.508089,0.027294,0.04842,0.000078,0.000078,0.000078,0.415655,0.000149
AATATCGAATCAATGC-1,0.000034,0.000034,0.006688,0.000034,0.034145,0.154687,0.324762,0.283258,0.098363,0.097997
AATATCGAGGGTTCTC-1,0.232569,0.002565,0.002565,0.059006,0.002565,0.002565,0.230475,0.002565,0.462561,0.002565
AATATTGGAGTATTGA-1,0.000277,0.000277,0.316279,0.515034,0.000277,0.000277,0.000277,0.000277,0.166747,0.000277
AATCAGACTGCAGGAC-1,0.281309,0.004,0.004001,0.563158,0.127526,0.004001,0.004001,0.004001,0.004001,0.004001
AATCAGGTTTCATTTA-1,0.000441,0.000441,0.000441,0.000441,0.055072,0.000441,0.000441,0.000441,0.941402,0.000441
AATCATGTAAAGACTC-1,0.000066,0.000066,0.000066,0.000066,0.000066,0.000066,0.607469,0.033264,0.346777,0.012095
AATCCAAGGGCCTGAG-1,0.00009,0.00009,0.740639,0.223759,0.00009,0.00009,0.00009,0.00009,0.034975,0.00009
AATCCATGCAAGGGTG-1,0.227807,0.001613,0.565251,0.001613,0.001613,0.001613,0.001613,0.001613,0.195648,0.001613
AATCGCCTCAGCGCCA-1,0.084274,0.000386,0.176125,0.000386,0.283604,0.000386,0.000386,0.000386,0.453679,0.000386
AATCGCGCAGAGGACT-1,0.000045,0.000045,0.012186,0.000045,0.002978,0.029893,0.68108,0.045744,0.212977,0.015007
AATCGGTATAGCCCTC-1,0.000056,0.000056,0.029443,0.000056,0.002364,0.091384,0.480164,0.133929,0.237636,0.024912
AATCGTGAGCCGAGCA-1,0.000032,0.000032,0.000032,0.007357,0.12962,0.083116,0.318449,0.12016,0.061984,0.279217
AATCTAGGTTTACTTG-1,0.000368,0.000368,0.088517,0.000368,0.181044,0.000368,0.000368,0.000368,0.727865,0.000368
AATCTATGCCGGAGCC-1,0.002381,0.002381,0.002381,0.002382,0.002382,0.002382,0.002382,0.299842,0.681106,0.002382
AATCTCTACTGTGGTT-1,0.00029,0.00029,0.285724,0.360462,0.055535,0.00029,0.106267,0.0294,0.161452,0.00029
AATCTGCGTTGGGACG-1,0.232437,0.000236,0.059858,0.000236,0.058604,0.000236,0.044661,0.271982,0.331514,0.000236
AATCTGGCTTTCTAGT-1,0.000112,0.000112,0.050944,0.000112,0.734017,0.000112,0.09835,0.00265,0.110237,0.003352
AATCTGGGTAGACCCT-1,0.000162,0.000162,0.496924,0.057843,0.185493,0.000162,0.061537,0.000162,0.136299,0.061254
AATGACAGCAATGTCT-1,0.000211,0.000211,0.187542,0.000211,0.020522,0.000211,0.000211,0.000211,0.790462,0.000211
AATGACGTAGGATGTC-1,0.000827,0.000826,0.155376,0.000827,0.000827,0.000827,0.250403,0.000827,0.588434,0.000827
AATGACTGTCAGCCGG-1,0.00015,0.00015,0.00015,0.67406,0.00015,0.00015,0.00015,0.00015,0.324738,0.00015
AATGAGTTCGCATATG-1,0.000151,0.000151,0.815631,0.000151,0.055745,0.000151,0.000151,0.000151,0.072633,0.055083
AATGATGATACGCTAT-1,0.002703,0.002704,0.002704,0.002704,0.002703,0.002703,0.002703,0.002704,0.975668,0.002704
AATGATGCGACTCCTG-1,0.005265,0.005264,0.035564,0.005265,0.005265,0.005265,0.005265,0.005265,0.922319,0.005265
AATGCAACCGGGTACC-1,0.000127,0.000127,0.000127,0.126959,0.000127,0.000127,0.000127,0.000127,0.852202,0.019949
AATGCACCAAGCAATG-1,0.357234,0.002564,0.002565,0.002565,0.002565,0.002565,0.002565,0.002565,0.622247,0.002565
AATGGTCCACCGTTCA-1,0.000056,0.000056,0.863326,0.125343,0.000056,0.000056,0.010942,0.000056,0.000056,0.000056
AATGGTTCTCACAAGC-1,0.000157,0.000157,0.68586,0.198091,0.000157,0.000157,0.000157,0.000157,0.114951,0.000157
AATGTATGGCACTGTA-1,0.000138,0.000138,0.000138,0.000138,0.659972,0.000138,0.000138,0.103176,0.235884,0.000138
AATGTGCCCGAGGTGT-1,0.000426,0.000426,0.045656,0.000426,0.190445,0.000426,0.000426,0.000426,0.603996,0.157349
AATGTGCTAATCTGAG-1,0.001053,0.001053,0.001053,0.001053,0.20446,0.001053,0.001053,0.001053,0.787117,0.001053
AATGTTAAGACCCTGA-1,0.000017,0.000017,0.000017,0.000017,0.043246,0.033689,0.438403,0.466772,0.001752,0.01607
AATGTTGTCGTGAGAC-1,0.00004,0.00004,0.004566,0.00004,0.049406,0.120765,0.19466,0.449334,0.065535,0.115615
AATTAAAGGTCGGCGT-1,0.033433,0.000076,0.000076,0.030544,0.155159,0.000076,0.045981,0.072421,0.027327,0.634907
AATTAACGGATTTCCA-1,0.000154,0.000154,0.035505,0.000154,0.563078,0.001745,0.109761,0.104219,0.180943,0.004286
AATTACGAGACCCATC-1,0.000262,0.000262,0.000262,0.000262,0.037963,0.000262,0.000262,0.000262,0.959942,0.000262
AATTACTCGTACGCTC-1,0.092063,0.001724,0.476441,0.308271,0.001725,0.001725,0.001725,0.001725,0.001725,0.112877
AATTAGCGCTGCAGCG-1,0.000585,0.000585,0.000585,0.000585,0.000585,0.000585,0.000585,0.000585,0.994735,0.000585
AATTATACCCAGCAAG-1,0.000027,0.000027,0.010147,0.000611,0.10209,0.032697,0.219226,0.547952,0.000656,0.086567
AATTCATAAGGGATCT-1,0.177528,0.003334,0.319325,0.003334,0.220518,0.003334,0.003334,0.003334,0.262624,0.003334
AATTCATTGTCATGCA-1,0.0004,0.0004,0.076539,0.0004,0.29665,0.0004,0.0004,0.0004,0.62401,0.0004
AATTCCAACTTGGTGA-1,0.012275,0.002703,0.603128,0.002703,0.002704,0.062799,0.002704,0.002704,0.305577,0.002703
AATTCCAAGCATGTAC-1,0.000141,0.000141,0.052713,0.000141,0.303269,0.006301,0.010752,0.091669,0.534731,0.000141
AATTCGATTCGAGGAT-1,0.0826,0.000055,0.039305,0.000055,0.518197,0.108384,0.000055,0.229883,0.000055,0.021412
AATTCTAGAGTTAGGC-1,0.058498,0.000518,0.236608,0.012186,0.182713,0.000518,0.000518,0.000518,0.507404,0.000518
AATTGAACGCTCTGGT-1,0.000277,0.000277,0.000277,0.000277,0.000277,0.269029,0.000277,0.065872,0.662502,0.000934
AATTGCAGCAATCGAC-1,0.00003,0.00003,0.00003,0.00003,0.045746,0.110491,0.267601,0.307977,0.188512,0.079555
AATTGCGTGGATTACA-1,0.000326,0.000326,0.215309,0.000326,0.453624,0.000326,0.000326,0.000326,0.328786,0.000326
AATTGTGGTTGCCAAA-1,0.000036,0.000036,0.000036,0.000036,0.0828,0.098231,0.226147,0.507226,0.032011,0.053441
AATTTGGGACATAGTA-1,0.001924,0.001923,0.001924,0.001924,0.001924,0.001924,0.001924,0.001924,0.982687,0.001924
AATTTGGTTCCAAAGA-1,0.000097,0.000097,0.5736,0.199159,0.000097,0.035698,0.000097,0.000097,0.107062,0.083995
ACAAACCATGCGTCCT-1,0.000449,0.000448,0.000449,0.000449,0.116425,0.000449,0.000449,0.000449,0.879987,0.000449
ACAAACCGACAAGGCG-1,0.000061,0.000061,0.887001,0.000061,0.000061,0.002827,0.046944,0.000061,0.04864,0.014285
ACAAAGAAGGTAGGCC-1,0.000067,0.000067,0.683276,0.077663,0.000067,0.027967,0.01051,0.000067,0.200251,0.000067
ACAAAGCATGACCTAG-1,0.000036,0.000036,0.000815,0.000036,0.036283,0.351936,0.233578,0.268723,0.093272,0.015285
ACAAATCGCACCGAAT-1,0.032717,0.000037,0.029163,0.000037,0.045869,0.039121,0.022139,0.594786,0.208801,0.027331
ACAAATGGTAGTGTTT-1,0.000171,0.000171,0.000171,0.000171,0.000171,0.042692,0.112619,0.054073,0.682683,0.107078
ACAACAGCATGAGCTA-1,0.181618,0.000662,0.000662,0.000662,0.140724,0.000662,0.000662,0.098466,0.575218,0.000662
ACAACGGTCCCTGCGA-1,0.019232,0.000165,0.058921,0.662989,0.063571,0.004277,0.07125,0.000165,0.000165,0.119264
ACAAGCAGTGCCTAGC-1,0.000125,0.000125,0.097288,0.501514,0.009546,0.137504,0.00328,0.038218,0.172424,0.039976
ACAAGCTATATGGAAG-1,0.00002,0.00002,0.101515,0.051216,0.687826,0.057186,0.038476,0.015063,0.00002,0.048656
ACAAGGAAATCCGCCC-1,0.00087,0.00087,0.00087,0.00087,0.00087,0.00087,0.00087,0.00087,0.992172,0.00087
ACAAGGACAAGAGGTT-1,0.043892,0.000153,0.056075,0.406237,0.000153,0.000153,0.000153,0.000153,0.492876,0.000153
ACAAGGATGCTTTAGG-1,0.000063,0.000063,0.01922,0.000063,0.000063,0.13459,0.356625,0.345741,0.105189,0.038382
ACAAGGGCAGGCTCTG-1,0.194222,0.37324,0.000714,0.000714,0.000714,0.000714,0.000714,0.000714,0.427536,0.000715
ACAATAGTCGTACGTT-1,0.0274,0.000166,0.374505,0.000166,0.087602,0.000166,0.000166,0.000166,0.482403,0.02726
ACAATCCATTTAAACC-1,0.000137,0.000137,0.049717,0.534614,0.000137,0.000137,0.000137,0.066898,0.34795,0.000137
ACAATCGATCTTTATA-1,0.000091,0.000091,0.831117,0.081744,0.033921,0.052669,0.000091,0.000091,0.000091,0.000091
ACAATGAATACGGAGA-1,0.034158,0.000122,0.044297,0.009402,0.513938,0.000122,0.040643,0.153794,0.203401,0.000122
ACAATTGTGTCTCTTT-1,0.000053,0.000053,0.001294,0.000053,0.030618,0.019794,0.288843,0.381005,0.13003,0.148258
ACAATTTAGGAGGCTC-1,0.00007,0.00007,0.737664,0.065489,0.069462,0.008322,0.00007,0.00007,0.027937,0.090844
ACAATTTGAGCAGTGG-1,0.312744,0.003125,0.181789,0.003126,0.003126,0.003126,0.003126,0.003126,0.483586,0.003126
ACACAAAGACGGGTGG-1,0.000235,0.000235,0.081405,0.037095,0.000235,0.000235,0.000235,0.000235,0.879853,0.000235
ACACACCAGGACCAGT-1,0.000038,0.000038,0.000038,0.000038,0.007384,0.017464,0.096793,0.763214,0.112297,0.002696
ACACACTTTCTACACG-1,0.000168,0.000168,0.272461,0.43215,0.000168,0.000168,0.000168,0.000168,0.294212,0.000168
ACACATGATCAAATCT-1,0.147799,0.0008,0.0008,0.0008,0.0008,0.0008,0.0008,0.0008,0.845799,0.0008
ACACATTGACGCAACA-1,0.001031,0.001031,0.5215,0.001031,0.001031,0.001031,0.001031,0.001031,0.470251,0.001031
ACACATTTCCGTAGAC-1,0.105568,0.000137,0.036161,0.000137,0.182203,0.142982,0.044685,0.037193,0.418972,0.031962
ACACCACATAATTAGC-1,0.001042,0.001042,0.001042,0.001042,0.127833,0.001042,0.096122,0.001042,0.216774,0.553019
ACACCCAGCATGCAGC-1,0.016907,0.000259,0.105832,0.215829,0.000259,0.000259,0.000259,0.000259,0.659876,0.000259
ACACCCGAGAAATCCG-1,0.000054,0.000054,0.999516,0.000054,0.000054,0.000054,0.000054,0.000054,0.000054,0.000054
ACACCGAGCGCTCTTT-1,0.000183,0.000183,0.756656,0.000183,0.000183,0.000183,0.000183,0.000183,0.241882,0.000183
ACACCGGTCTGACCGC-1,0.000115,0.000115,0.000116,0.000116,0.592222,0.000116,0.000116,0.019175,0.387795,0.000116
ACACCTTAAGTAGGGC-1,0.000168,0.000168,0.076872,0.294726,0.122821,0.000168,0.000168,0.000168,0.50457,0.000168
ACACCTTACTACTTGC-1,0.000057,0.000057,0.000057,0.000057,0.043843,0.065742,0.317737,0.077392,0.446177,0.048882
ACACGAGACTCCTTCT-1,0.078814,0.001205,0.001205,0.001205,0.001205,0.001205,0.001205,0.001205,0.911544,0.001205
ACACGGCACTATGCAT-1,0.000056,0.000056,0.863079,0.003762,0.000056,0.000056,0.000056,0.000056,0.058873,0.073948
ACACGGGAACTTAGGG-1,0.000357,0.000357,0.000357,0.000357,0.000357,0.000357,0.000357,0.000357,0.996785,0.000357
ACACGTAGGCCACAAG-1,0.000071,0.000071,0.000071,0.035399,0.032782,0.239895,0.128383,0.358535,0.055899,0.148893
ACACTGATCAAGGTGT-1,0.039228,0.000197,0.000197,0.000197,0.317119,0.000197,0.000197,0.018889,0.355137,0.268642
ACACTGGGACAGTCGT-1,0.000095,0.000095,0.000095,0.000095,0.020501,0.03442,0.252284,0.45494,0.143817,0.093659
ACAGAACTGAGAACAA-1,0.020144,0.000062,0.008371,0.007695,0.690519,0.003628,0.051485,0.033156,0.087401,0.097537
ACAGCATAGAGCCAGT-1,0.000076,0.000076,0.995708,0.003684,0.000076,0.000076,0.000076,0.000076,0.000076,0.000076
ACAGCGACATTCTCAT-1,0.000087,0.000087,0.000087,0.000087,0.05577,0.028319,0.527132,0.323896,0.059232,0.005302
ACAGCGCACCCGCAGC-1,0.000113,0.000113,0.031706,0.000113,0.000113,0.100463,0.000113,0.000113,0.603021,0.264132
ACAGGAGGCGCAGCCG-1,0.140184,0.000437,0.728734,0.000437,0.000437,0.000437,0.000437,0.000437,0.128024,0.000437
ACAGGCACGGATCCTT-1,0.000057,0.000057,0.009714,0.000057,0.033444,0.246478,0.440411,0.024405,0.222966,0.022412
ACAGGCTTGCCCGACT-1,0.000057,0.000057,0.063889,0.005069,0.000057,0.158542,0.300568,0.103786,0.275815,0.09216
ACAGGTGGAGGTGAGG-1,0.044727,0.000167,0.000167,0.000167,0.000167,0.000167,0.000167,0.000167,0.953937,0.000167
ACAGGTGTGTTGTTGC-1,0.000032,0.000032,0.166877,0.022672,0.576081,0.137373,0.013915,0.000032,0.02801,0.054978
ACAGTAATACAACTTG-1,0.000124,0.000124,0.03761,0.037568,0.212509,0.000124,0.000124,0.033518,0.544411,0.133889
ACATAAGTCGTGGTGA-1,0.00015,0.00015,0.019834,0.00015,0.196079,0.086047,0.00015,0.060819,0.596595,0.040026
ACATAATAAGGCGGTG-1,0.096289,0.000228,0.111087,0.388542,0.000228,0.000228,0.000228,0.000228,0.402713,0.000228
ACATCAGCTGGGACGC-1,0.000145,0.000145,0.585265,0.217486,0.096966,0.000145,0.000145,0.000145,0.071767,0.027793
ACATCCCGGCCATACG-1,0.000981,0.00098,0.000981,0.272926,0.192722,0.000981,0.000981,0.000981,0.527487,0.000981
ACATCCTGGTAACTGT-1,0.082265,0.000061,0.000061,0.000061,0.016379,0.190578,0.312796,0.140551,0.245567,0.01168
ACATCGATCGTTTACC-1,0.106814,0.000709,0.000709,0.000709,0.000709,0.000709,0.000709,0.000709,0.887511,0.000709
ACATCGGTCAGCCGCG-1,0.000329,0.000329,0.100932,0.145663,0.000329,0.000329,0.000329,0.000329,0.690766,0.060665
ACATCGTATGCAATGG-1,0.000585,0.000585,0.000585,0.000585,0.000585,0.09736,0.000585,0.310178,0.588367,0.000585
ACATCGTTAACCTAGT-1,0.023966,0.000163,0.200031,0.000163,0.000163,0.039368,0.000163,0.000163,0.473776,0.262045
ACATCTCAACGCGTAA-1,0.00004,0.00004,0.889516,0.00004,0.028591,0.016392,0.029426,0.00004,0.001756,0.03416
ACATGCTTACGGCAGC-1,0.000166,0.000166,0.000166,0.000166,0.316973,0.089919,0.000166,0.000166,0.591945,0.000166
ACATGGCGCCAAAGTA-1,0.000045,0.000045,0.000045,0.003241,0.105251,0.106134,0.334168,0.047345,0.332953,0.070773
ACATGGCTCAATTTAG-1,0.003573,0.003572,0.003573,0.003573,0.003572,0.003573,0.003573,0.003573,0.967846,0.003572
ACATTAGTTTATATCC-1,0.000565,0.000565,0.143008,0.000565,0.000565,0.000565,0.000565,0.000565,0.852471,0.000565
ACATTCGCGCGGAATA-1,0.000083,0.000083,0.000083,0.000083,0.376253,0.000083,0.000083,0.000083,0.623082,0.000083
ACATTTGAAACCTAAC-1,0.000014,0.000014,0.000014,0.000014,0.072128,0.164992,0.200666,0.506173,0.012021,0.043965
ACCAACACCACACACT-1,0.001235,0.001235,0.087508,0.001235,0.239237,0.001235,0.001235,0.001235,0.664611,0.001235
ACCAACCGCACTCCAC-1,0.000039,0.000039,0.02085,0.000039,0.027206,0.403404,0.215705,0.021515,0.258807,0.052397
ACCAACGCTTATTTAT-1,0.02148,0.000377,0.000377,0.040741,0.000377,0.000377,0.000377,0.000377,0.75509,0.180424
ACCAAGAACGCGTGTC-1,0.000054,0.000054,0.999512,0.000054,0.000054,0.000054,0.000054,0.000054,0.000054,0.000054
ACCAAGTCATCGGCAG-1,0.000037,0.000037,0.000037,0.000037,0.076648,0.179287,0.319142,0.19477,0.128032,0.101973
ACCAATATGCAAGTTA-1,0.043428,0.000122,0.078847,0.000122,0.140827,0.191693,0.092739,0.041792,0.410308,0.000122
ACCACAACTCAGAACA-1,0.000096,0.000096,0.000096,0.037532,0.07326,0.000096,0.015747,0.000096,0.584914,0.288066
ACCACAAGTTTCTATC-1,0.000238,0.000238,0.050105,0.044314,0.000238,0.000238,0.000238,0.000238,0.903914,0.000238
ACCACACGGTTGATGG-1,0.000063,0.000063,0.000063,0.029981,0.000063,0.229571,0.42351,0.110824,0.026366,0.179494
ACCACCAATGTAACAA-1,0.019276,0.000021,0.000021,0.000021,0.073375,0.062999,0.252347,0.439244,0.13654,0.016158
ACCACGTGCAGCTATA-1,0.000453,0.000453,0.000453,0.000453,0.000453,0.000453,0.299664,0.000453,0.696715,0.000453
ACCACTGTTCAAGAAG-1,0.139814,0.001205,0.486093,0.365657,0.001205,0.001205,0.001205,0.001205,0.001205,0.001205
ACCAGACCATAACAAC-1,0.00013,0.00013,0.19305,0.325751,0.076791,0.00013,0.099628,0.00013,0.304128,0.00013
ACCAGCCCGGTCTTTG-1,0.000039,0.000039,0.983508,0.000039,0.000039,0.000039,0.000039,0.008294,0.000039,0.007923
ACCAGGAGTGTGATCT-1,0.000174,0.000174,0.618356,0.128514,0.000174,0.000174,0.000174,0.000174,0.251911,0.000174
ACCAGTGCGGGAGACG-1,0.000092,0.000092,0.000092,0.000092,0.000092,0.243081,0.210874,0.068832,0.474565,0.002187
ACCATATCCGCAATAA-1,0.000535,0.000535,0.000535,0.000535,0.000535,0.000535,0.000535,0.000535,0.995186,0.000535
ACCATCCGCCAACTAG-1,0.000156,0.000156,0.153656,0.089177,0.000156,0.000156,0.000156,0.000156,0.756075,0.000156
ACCATCGTATATGGTA-1,0.000199,0.000199,0.000199,0.000199,0.000199,0.000199,0.000199,0.000199,0.844373,0.154036
ACCATTAAGGGTGTCA-1,0.075086,0.000162,0.857087,0.000162,0.010833,0.000692,0.000162,0.000162,0.055493,0.000162
ACCCAACGCCCGTGGC-1,0.434558,0.000625,0.21703,0.173263,0.000625,0.000625,0.000625,0.000625,0.171398,0.000625
ACCCACCTACATGCTC-1,0.000171,0.000171,0.089382,0.765906,0.000171,0.000171,0.000171,0.000171,0.113451,0.030236
ACCCATCTTGAGGGTA-1,0.000289,0.000289,0.000289,0.107515,0.000289,0.000289,0.000289,0.000289,0.890173,0.000289
ACCCATTTGTCCCTCT-1,0.000098,0.000098,0.000098,0.000098,0.020635,0.378252,0.099202,0.233026,0.124752,0.143742
ACCCGAGCGAAATTAC-1,0.021379,0.000238,0.066838,0.000238,0.342814,0.000238,0.102085,0.000238,0.465693,0.000238
ACCCGATTGGTTCCGA-1,0.000166,0.000166,0.051637,0.000166,0.19078,0.000166,0.000166,0.000166,0.670938,0.08565
ACCCGGAAACTCCCAG-1,0.000123,0.000123,0.000123,0.073995,0.603764,0.000123,0.02573,0.261098,0.02591,0.00901
ACCCGGAGCACCACAA-1,0.000028,0.000028,0.000028,0.011094,0.00616,0.126977,0.268891,0.292643,0.277157,0.016994
ACCCGGATGACGCATC-1,0.00008,0.00008,0.058065,0.00008,0.05026,0.031245,0.230179,0.283823,0.33761,0.00858
ACCCGGTTACACTTCC-1,0.020883,0.000162,0.000162,0.111357,0.000162,0.000162,0.009191,0.000162,0.348661,0.509099
ACCCGTAGCAGAGAAT-1,0.000257,0.000257,0.000257,0.000257,0.152365,0.000257,0.000257,0.138756,0.707079,0.000257
ACCCGTAGTCTAGTTG-1,0.007348,0.000051,0.000051,0.000051,0.107365,0.311316,0.055595,0.313379,0.000051,0.204793
ACCCGTGTCATCAGTA-1,0.104032,0.000457,0.0644,0.091609,0.344748,0.000457,0.000457,0.000457,0.392927,0.000457
ACCCTATAGGACTGAG-1,0.000234,0.000234,0.83234,0.000234,0.000234,0.000234,0.037762,0.000234,0.128258,0.000234
ACCCTATGCCATATCG-1,0.000971,0.000971,0.10163,0.000971,0.000971,0.000971,0.000971,0.000971,0.890601,0.000971
ACCCTCCCGTCAGGGC-1,0.004406,0.000034,0.000034,0.007404,0.026658,0.018253,0.345014,0.492843,0.08972,0.015633
ACCCTCCCTTGCTATT-1,0.027416,0.000075,0.005194,0.051557,0.057042,0.042498,0.239656,0.316967,0.155893,0.103703
ACCCTGGTAACGCCCT-1,0.000042,0.000042,0.018503,0.000042,0.00926,0.000042,0.001562,0.089696,0.127509,0.753302
