Barcode,Topic 1,Topic 2,Topic 3to4,Topic 5to8,Topic 9to10
AAACAACGAATAGTTC-1,0.003031,0.00303,0.793002,0.012125,0.188812
AAACAAGTATCTCCCA-1,0.000034,0.000034,0.004025,0.691287,0.30462
AAACAATCTACTAGCA-1,0.125413,0.000412,0.817845,0.001647,0.054684
AAACACCAATAACTGC-1,0.000935,0.000935,0.066222,0.177393,0.754515
AAACAGAGCGACTCCT-1,0.000281,0.000281,0.153313,0.845563,0.000562
AAACAGCTTTCAGAAG-1,0.00014,0.00014,0.718013,0.000562,0.281144
AAACAGGGTCTATATT-1,0.000127,0.000127,0.072783,0.227801,0.699161
AAACAGTGTTCCTGGG-1,0.029095,0.000111,0.000222,0.308119,0.662452
AAACATGGTGAGAGGA-1,0.000106,0.000106,0.03365,0.402133,0.564005
AAACATTTCCCGGATT-1,0.012854,0.000093,0.003443,0.606516,0.377094
AAACCCGAACGAAATC-1,0.045433,0.000032,0.012065,0.67191,0.27056
AAACCGGAAATGTTAA-1,0.000011,0.000011,0.023578,0.912185,0.064215
AAACCGGGTAGGTACC-1,0.153253,0.000088,0.322582,0.129742,0.394336
AAACCGTTCGTCCAGG-1,0.00006,0.00006,0.000119,0.024874,0.974887
AAACCTAAGCAGCCGG-1,0.021266,0.00003,0.020247,0.740174,0.218283
AAACCTCATGAAGTTG-1,0.000151,0.000151,0.745256,0.000605,0.253836
AAACGAAGATGGAGTA-1,0.000084,0.000084,0.000169,0.393273,0.60639
AAACGAGACGGTTGAT-1,0.001235,0.001235,0.200712,0.29274,0.504079
AAACGGGCGTACGGGT-1,0.011281,0.000025,0.020827,0.801951,0.165917
AAACGGGTTGGTATCC-1,0.0437,0.002273,0.940387,0.009093,0.004547
AAACGGTTGCGAACTG-1,0.000093,0.000093,0.036566,0.569114,0.394133
AAACTCGGTTCGCAAT-1,0.147138,0.00024,0.105395,0.205384,0.541843
AAACTCGTGATATAAG-1,0.095966,0.001137,0.002273,0.004547,0.896078
AAACTGCTGGCTCCAA-1,0.001042,0.001042,0.098502,0.193427,0.705987
AAACTTAATTGCACGC-1,0.000667,0.000667,0.001334,0.002667,0.994665
AAACTTGCAAACGTAT-1,0.000145,0.000145,0.068419,0.09528,0.836011
AAAGAATGACCTTAGA-1,0.000214,0.000214,0.078807,0.303973,0.616791
AAAGAATGTGGACTAA-1,0.000014,0.000014,0.006457,0.907125,0.08639
AAAGACATGAAGTTTA-1,0.108002,0.000355,0.000709,0.322318,0.568616
AAAGACCCAAGTCGCG-1,0.000051,0.000051,0.924803,0.05055,0.024544
AAAGACTGGGCGCTTT-1,0.000137,0.000137,0.845026,0.04525,0.10945
AAAGCTTGCCTACATA-1,0.000132,0.000132,0.125065,0.000529,0.874141
AAAGGCCCTATAATAC-1,0.000294,0.000294,0.000588,0.120365,0.878458
AAAGGCTACGGACCAT-1,0.18163,0.000292,0.038498,0.102473,0.677106
AAAGGCTCTCGCGCCG-1,0.000337,0.000337,0.048299,0.051838,0.899189
AAAGGGATGTAGCAAG-1,0.000047,0.000047,0.02556,0.327645,0.6467
AAAGGGCAGCTTGAAT-1,0.000163,0.000163,0.736052,0.118255,0.145367
AAAGGTAAGCTGTACC-1,0.027007,0.00037,0.578568,0.151778,0.242277
AAAGTAGCATTGCTCA-1,0.000098,0.000098,0.000195,0.662032,0.337577
AAAGTCGACCCTCAGT-1,0.000111,0.000111,0.856642,0.084842,0.058293
AAAGTGCCATCAATTA-1,0.00004,0.00004,0.029746,0.858904,0.11127
AAAGTGTGATTTATCT-1,0.000119,0.000119,0.000237,0.388779,0.610747
AAAGTTGACTCCCGTA-1,0.00004,0.00004,0.056969,0.801015,0.141936
AAATAACCATACGGGA-1,0.000388,0.000388,0.0294,0.019233,0.950591
AAATAAGGTAGTGCCC-1,0.001471,0.001471,0.002942,0.198302,0.795814
AAATACCTATAAGCAT-1,0.000274,0.000274,0.009127,0.739354,0.25097
AAATAGCTTAGACTTT-1,0.000039,0.000039,0.006736,0.813865,0.17932
AAATAGGGTGCTATTG-1,0.029831,0.000055,0.104912,0.700156,0.165046
AAATCCGATACACGCC-1,0.003496,0.000034,0.000067,0.739871,0.256532
AAATCGCGGAAGGAGT-1,0.000114,0.000114,0.071433,0.221576,0.706762
AAATCGTGTACCACAA-1,0.000147,0.000147,0.023393,0.000588,0.975724
AAATCTAGCCCTGCTA-1,0.000076,0.000076,0.000153,0.572467,0.427227
AAATCTGCCCGCGTCC-1,0.0001,0.0001,0.000201,0.480576,0.519023
AAATGATTCGATCAGC-1,0.190262,0.001755,0.098789,0.106651,0.602543
AAATGCTCGTTACGTT-1,0.000218,0.000218,0.862193,0.050925,0.086445
AAATGGCATGTCTTGT-1,0.000141,0.000141,0.306453,0.1083,0.584963
AAATGGCCCGTGCCCT-1,0.000184,0.000184,0.247634,0.092152,0.659845
AAATGGTCAATGTGCC-1,0.00025,0.00025,0.0005,0.001,0.998
AAATGTATCTTATCCC-1,0.000073,0.000073,0.532352,0.434761,0.032741
AAATGTGGGTGCTCCT-1,0.134977,0.00011,0.634162,0.230531,0.00022
AAATTAACGGGTAGCT-1,0.000901,0.000901,0.003095,0.003605,0.991498
AAATTAATAAGCGCGA-1,0.000018,0.000018,0.179781,0.725832,0.094351
AAATTACACGACTCTG-1,0.000107,0.000107,0.000215,0.226183,0.773387
AAATTACCTATCGATG-1,0.179816,0.001515,0.130799,0.006062,0.681808
AAATTCCAGGTCCAAA-1,0.000024,0.000024,0.018648,0.845288,0.136016
AAATTGATAGTCCTTT-1,0.000075,0.000075,0.00015,0.697625,0.302076
AAATTGCGGCGGTTCT-1,0.002704,0.002703,0.313946,0.010813,0.669835
AAATTTACCGAAATCC-1,0.000258,0.000258,0.308772,0.035612,0.655099
AAATTTGCGGGTGTGG-1,0.000163,0.000163,0.082447,0.000651,0.916577
AACAACTGGTAGTTGC-1,0.052147,0.000165,0.423644,0.101484,0.42256
AACAATACATTGTCGA-1,0.053898,0.000463,0.000926,0.282746,0.661967
AACAATTACTCTACGC-1,0.000158,0.000157,0.839568,0.131162,0.028955
AACACACGCTCGCCGC-1,0.000058,0.000058,0.000116,0.577706,0.422063
AACACGACTGTACTGA-1,0.000051,0.000051,0.855377,0.031658,0.112863
AACACGAGACGCGGCC-1,0.000098,0.000098,0.052943,0.529051,0.41781
AACACGCGGCCGCGAA-1,0.175351,0.00125,0.276788,0.005001,0.541609
AACAGCTGTGTGGCAA-1,0.002929,0.000145,0.070436,0.593956,0.332534
AACAGGAAATCGAATA-1,0.033247,0.000082,0.28193,0.241686,0.443055
AACAGGATGGGCCGCG-1,0.000181,0.000181,0.747358,0.148403,0.103877
AACAGGTAGTATGGAT-1,0.00002,0.00002,0.000039,0.949314,0.050608
AACATAGCGTGTATCG-1,0.000026,0.000026,0.000052,0.830227,0.169669
AACATATCAACTGGTG-1,0.229095,0.00164,0.00328,0.408392,0.357593
AACATTGAAGTTGATC-1,0.00008,0.00008,0.00016,0.715943,0.283736
AACATTGGTCAGCCGT-1,0.321663,0.003704,0.244444,0.014819,0.415369
AACATTGTGACTCGAG-1,0.00034,0.00034,0.00068,0.260928,0.737711
AACCAAGACTTCTCTG-1,0.000154,0.000154,0.789924,0.07239,0.137379
AACCAGTATCACTCTT-1,0.092554,0.001334,0.002667,0.222104,0.681341
AACCATAGGGTTGAAC-1,0.000455,0.000455,0.032127,0.001819,0.965145
AACCATGGGATCGCTA-1,0.000127,0.000127,0.810869,0.077508,0.111367
AACCCAGAGACGGAGA-1,0.000071,0.000071,0.999061,0.000283,0.000514
AACCCATCCCATGATC-1,0.000505,0.000505,0.115001,0.265699,0.61829
AACCCGACAACCCGTG-1,0.000169,0.000169,0.041951,0.193775,0.763936
AACCCGAGCAGAATCG-1,0.010912,0.000033,0.014458,0.943576,0.03102
AACCCGCTGTATTCCA-1,0.022357,0.000093,0.082765,0.534472,0.360313
AACCCTACTGTCAATA-1,0.000097,0.000097,0.120979,0.43261,0.446217
AACCCTGGTGGAACCA-1,0.000044,0.000044,0.785122,0.052809,0.161981
AACCGAGCTTGGTCAT-1,0.000094,0.000094,0.074291,0.548848,0.376672
AACCGCTAAGGGATGC-1,0.000059,0.000059,0.000118,0.564928,0.434836
AACCGTTGTGTTTGCT-1,0.000096,0.000096,0.941652,0.000384,0.057772
AACCTAAAGCCGTCCG-1,0.000087,0.000087,0.673555,0.131853,0.194416
AACCTCGCTTTAGCCC-1,0.000107,0.000107,0.000215,0.450645,0.548925
AACCTGTCACGGAATT-1,0.000047,0.000047,0.011454,0.707215,0.281237
AACCTTTAAATACGGT-1,0.134403,0.000459,0.165116,0.107686,0.592336
AACCTTTACGACGTCT-1,0.002128,0.002128,0.198171,0.008513,0.78906
AACGAAAGTCGTCCCA-1,0.000083,0.000083,0.001258,0.156693,0.841883
AACGACCTCCTAGCCG-1,0.000069,0.000069,0.010181,0.723104,0.266577
AACGATAATGCCGTAG-1,0.000377,0.000377,0.050128,0.152322,0.796795
AACGATAGAAGGGCCG-1,0.000095,0.000095,0.855623,0.000382,0.143804
AACGATATGTCAACTG-1,0.041351,0.00031,0.023984,0.001239,0.933116
AACGCATGATCTGGGT-1,0.003705,0.003704,0.00741,0.014819,0.970362
AACGCGAACGGCAACA-1,0.147653,0.001695,0.84048,0.006781,0.003391
AACGCGACCTTGGGCG-1,0.000205,0.000205,0.083968,0.111727,0.803894
AACGCGGTCTCCAGCC-1,0.039295,0.000208,0.095483,0.000832,0.864182
AACGCTGTTGCTGAAA-1,0.000081,0.000081,0.000163,0.507575,0.4921
AACGGACGTACGTATA-1,0.000033,0.000033,0.004359,0.829846,0.165729
AACGGCCATCTCCGGT-1,0.022827,0.000217,0.000434,0.000868,0.975654
AACGTACTGTGGGTAC-1,0.000184,0.000184,0.287761,0.000736,0.711136
AACGTAGTCTACCCAT-1,0.114686,0.003847,0.490854,0.178326,0.212287
AACGTCAGACTAGTGG-1,0.00017,0.00017,0.68351,0.130388,0.185763
AACGTCGCTGCACTTC-1,0.000022,0.000022,0.000044,0.964113,0.035799
AACGTGATGAAGGACA-1,0.000714,0.000714,0.109001,0.002858,0.886712
AACGTGCGAAAGTCTC-1,0.1634,0.001667,0.003335,0.006669,0.82493
AACTACCCGTTTGTCA-1,0.000079,0.000079,0.000158,0.499078,0.500606
AACTAGCGTATCGCAC-1,0.036593,0.000595,0.480735,0.002382,0.479695
AACTAGGCTTGGGTGT-1,0.108675,0.000463,0.217053,0.162662,0.511147
AACTCAAGTTAATTGC-1,0.000065,0.000065,0.05659,0.141282,0.801999
AACTCCAGAGCGTGTT-1,0.000128,0.000128,0.000256,0.72407,0.275418
AACTCCTAATCCCATG-1,0.001853,0.001852,0.251968,0.00741,0.736918
AACTCGATAAACACGT-1,0.002704,0.002703,0.38244,0.010814,0.601339
AACTCGATGGCGCAGT-1,0.109699,0.000213,0.660213,0.000853,0.229022
AACTCTCAATAGAGCG-1,0.000182,0.000182,0.000363,0.714897,0.284376
AACTCTCAGTGTGCTC-1,0.000129,0.000129,0.041846,0.000516,0.95738
AACTGATATTAGGCCT-1,0.000192,0.000192,0.416059,0.000769,0.582787
AACTGGGTCCCGACGT-1,0.020962,0.000075,0.181534,0.524035,0.273395
AACTGGGTTCGAGCCG-1,0.050535,0.000369,0.001219,0.001476,0.9464
AACTGGTGTGGGCCTT-1,0.000095,0.000095,0.999237,0.000381,0.000191
AACTTGCCCGTATGCA-1,0.00018,0.00018,0.74011,0.00072,0.258811
AACTTGCGTTCTCGCG-1,0.000136,0.000136,0.90689,0.000544,0.092295
AACTTTACGGGAGCTT-1,0.000052,0.000052,0.218439,0.701936,0.079521
AACTTTAGCTGCTGAG-1,0.120668,0.000117,0.778381,0.000467,0.100367
AAGAAAGTTTGATGGG-1,0.000072,0.000072,0.000143,0.020708,0.979005
AAGAAGGATCAGTTAG-1,0.000115,0.000115,0.914368,0.034835,0.050567
AAGACATACGTGGTTT-1,0.000035,0.000035,0.011021,0.928942,0.059966
AAGACCAAATAACTCA-1,0.000048,0.000048,0.083731,0.30606,0.610113
AAGACCCAACTGAACA-1,0.000072,0.000072,0.000144,0.732616,0.267096
AAGACTAACCCGTTGT-1,0.00345,0.003448,0.349943,0.013795,0.629363
AAGACTCACGCCCACT-1,0.000253,0.000253,0.142779,0.661854,0.194862
AAGACTGCAAGCTACT-1,0.000521,0.000521,0.001042,0.340918,0.656999
AAGAGATGAATCGGTA-1,0.030061,0.000177,0.813544,0.063388,0.09283
AAGAGCTCTTTATCGG-1,0.038725,0.000146,0.000292,0.92019,0.040647
AAGAGGATGTACGCGA-1,0.000256,0.000256,0.370957,0.001026,0.627504
AAGAGGCATGGATCGC-1,0.001539,0.001539,0.003078,0.206337,0.787507
AAGAGGCCCTTTGGAA-1,0.000128,0.000128,0.000256,0.710589,0.288899
AAGATGGCACCGGACC-1,0.000244,0.000244,0.000488,0.267641,0.731383
AAGATTGGCGGAACGT-1,0.002942,0.002941,0.628417,0.011767,0.353932
AAGCACCCTGCGTATC-1,0.057343,0.00084,0.001681,0.003362,0.936773
AAGCATACTCTCCTGA-1,0.076056,0.000204,0.085219,0.466724,0.371798
AAGCCACTTGCAGGTA-1,0.000062,0.000062,0.050994,0.443242,0.50564
AAGCCGAAGCGGTTTA-1,0.000032,0.000032,0.000063,0.868634,0.13124
AAGCCGCCGTGAAATC-1,0.058874,0.000095,0.039281,0.702071,0.199679
AAGCCGGAGAGCAGGA-1,0.000029,0.000029,0.000057,0.890189,0.109696
AAGCGCAGGGCTTTGA-1,0.000094,0.000094,0.105513,0.485621,0.408676
AAGCGGCGTCATGGGT-1,0.005001,0.005002,0.010002,0.020004,0.959991
AAGCGTCCCTCATCGA-1,0.000093,0.000093,0.044535,0.955093,0.000186
AAGCTAGATCGAGTAA-1,0.000447,0.000446,0.082819,0.001786,0.914502
AAGCTCGTGCCAAGTC-1,0.000662,0.000662,0.055135,0.428777,0.514763
AAGCTCTTTCATGGTG-1,0.000113,0.000113,0.000226,0.487467,0.512081
AAGGAGAACTTATAAG-1,0.084678,0.000123,0.847088,0.00049,0.067621
AAGGAGCGGTTGGTGC-1,0.000196,0.000196,0.079693,0.159697,0.760218
AAGGATCGATCGCTTG-1,0.000061,0.000061,0.000122,0.611542,0.388215
AAGGATGAGGGACCTC-1,0.153955,0.0025,0.33644,0.300509,0.206596
AAGGCAGGCTGTCTCC-1,0.000049,0.000049,0.019222,0.694719,0.285961
AAGGCGCGTAAAGCTT-1,0.021886,0.000136,0.650238,0.022198,0.305543
AAGGCTGTGCTCATCG-1,0.000225,0.000225,0.127097,0.000901,0.871551
AAGGGAACGACTGGCT-1,0.000117,0.000117,0.000233,0.790094,0.209439
AAGGGACAGATTCTGT-1,0.002274,0.002273,0.004547,0.009094,0.981813
AAGGGACTATGCATTC-1,0.000524,0.000524,0.001047,0.356348,0.641557
AAGGGTTTGATTTCAG-1,0.000175,0.000175,0.171018,0.141078,0.687553
AAGGTATCCTAATATA-1,0.00087,0.00087,0.048954,0.286477,0.66283
AAGGTGATAAACCAGC-1,0.017018,0.000029,0.008804,0.954832,0.019317
AAGTAAGCTTCCAAAC-1,0.228315,0.002041,0.415692,0.008166,0.345787
AAGTAGAAGACCGGGT-1,0.000132,0.000132,0.804212,0.048312,0.147212
AAGTAGTGACGCGAGG-1,0.078797,0.00015,0.666665,0.023705,0.230683
AAGTCAATTGTCGTCA-1,0.000058,0.000058,0.008448,0.679902,0.311536
AAGTCTTCTGTGGCCT-1,0.000179,0.000179,0.337497,0.369715,0.29243
AAGTGACGACCGAATT-1,0.000191,0.00019,0.245467,0.000762,0.75339
AAGTGAGTCGGGTTTA-1,0.000725,0.000725,0.044145,0.002899,0.951506
AAGTGCAAAGGTAGAC-1,0.000211,0.000211,0.744926,0.101613,0.15304
AAGTGCCTTGACTGTA-1,0.000648,0.000025,0.019212,0.912296,0.06782
AAGTGCGTTAGAATCT-1,0.000122,0.000122,0.031274,0.336178,0.632305
AAGTGCTTCTCTATTG-1,0.000186,0.000186,0.000373,0.199074,0.800181
AAGTGTTTGGAGACGG-1,0.000131,0.000131,0.092644,0.553373,0.353723
AAGTTCACTCCAAGCT-1,0.000073,0.000073,0.025416,0.685932,0.288507
AAGTTCAGTCTGCGTA-1,0.183799,0.002174,0.004349,0.237164,0.572514
AAGTTCGGCCAACAGG-1,0.064683,0.000259,0.000518,0.001037,0.933503
AAGTTGTGATGTTATA-1,0.000035,0.000035,0.00007,0.907638,0.092223
AAGTTTACTAATGGCA-1,0.00009,0.00009,0.801037,0.063873,0.13491
AAGTTTATGGGCCCAA-1,0.062067,0.000113,0.127588,0.117375,0.692857
AATAACAACGCTCGGC-1,0.000159,0.000159,0.731654,0.000635,0.267393
AATAACACTAGAACAA-1,0.12372,0.000125,0.143228,0.190333,0.542593
AATAAGTCCTCGAGAC-1,0.000037,0.000037,0.885093,0.027802,0.087031
AATAATCTTCGTATCG-1,0.000013,0.000013,0.006065,0.993884,0.000025
AATACAATGTTTCAGG-1,0.000253,0.000253,0.805683,0.001013,0.192798
AATACCGGAGGGCTGT-1,0.101327,0.000255,0.055623,0.187302,0.655493
AATACCTGATGTGAAC-1,0.000017,0.000017,0.007858,0.905033,0.087075
AATAGAACAGAGTGGC-1,0.000049,0.000049,0.000097,0.057222,0.942583
AATAGAATCTGTTTCA-1,0.000053,0.000053,0.000107,0.796014,0.203773
AATAGCTACCGCGTGC-1,0.113196,0.001667,0.124184,0.006669,0.754283
AATAGTCCGTCCCGAC-1,0.141936,0.000405,0.00081,0.501908,0.354941
AATATCAAGGTCGGAT-1,0.001017,0.000142,0.99799,0.000568,0.000284
AATATCCTAGCAAACT-1,0.000078,0.000078,0.535384,0.048655,0.415804
AATATCGAATCAATGC-1,0.000034,0.000034,0.006721,0.796852,0.19636
AATATCGAGGGTTCTC-1,0.232569,0.002565,0.061571,0.238169,0.465126
AATATTGGAGTATTGA-1,0.000277,0.000277,0.831313,0.001108,0.167024
AATCAGACTGCAGGAC-1,0.281309,0.004,0.567159,0.139529,0.008002
AATCAGGTTTCATTTA-1,0.000441,0.000441,0.000881,0.056394,0.941843
AATCATGTAAAGACTC-1,0.000066,0.000066,0.000132,0.640864,0.358873
AATCCAAGGGCCTGAG-1,0.00009,0.00009,0.964397,0.000359,0.035064
AATCCATGCAAGGGTG-1,0.227807,0.001613,0.566864,0.006454,0.197262
AATCGCCTCAGCGCCA-1,0.084274,0.000386,0.176512,0.284763,0.454066
AATCGCGCAGAGGACT-1,0.000045,0.000045,0.01223,0.759696,0.227984
AATCGGTATAGCCCTC-1,0.000056,0.000056,0.029499,0.707841,0.262548
AATCGTGAGCCGAGCA-1,0.000032,0.000032,0.00739,0.651345,0.341201
AATCTAGGTTTACTTG-1,0.000368,0.000368,0.088885,0.182147,0.728233
AATCTATGCCGGAGCC-1,0.002381,0.002381,0.004763,0.306987,0.683488
AATCTCTACTGTGGTT-1,0.00029,0.00029,0.646187,0.191492,0.161742
AATCTGCGTTGGGACG-1,0.232437,0.000236,0.060093,0.375483,0.33175
AATCTGGCTTTCTAGT-1,0.000112,0.000112,0.051057,0.835129,0.113589
AATCTGGGTAGACCCT-1,0.000162,0.000162,0.554767,0.247354,0.197554
AATGACAGCAATGTCT-1,0.000211,0.000211,0.187752,0.021154,0.790673
AATGACGTAGGATGTC-1,0.000827,0.000826,0.156202,0.252883,0.589261
AATGACTGTCAGCCGG-1,0.00015,0.00015,0.67421,0.000601,0.324888
AATGAGTTCGCATATG-1,0.000151,0.000151,0.815782,0.056199,0.127716
AATGATGATACGCTAT-1,0.002703,0.002704,0.005407,0.010814,0.978372
AATGATGCGACTCCTG-1,0.005265,0.005264,0.040829,0.021059,0.927583
AATGCAACCGGGTACC-1,0.000127,0.000127,0.127086,0.000508,0.872152
AATGCACCAAGCAATG-1,0.357234,0.002564,0.00513,0.01026,0.624812
AATGGTCCACCGTTCA-1,0.000056,0.000056,0.988669,0.011108,0.000111
AATGGTTCTCACAAGC-1,0.000157,0.000157,0.883951,0.000627,0.115108
AATGTATGGCACTGTA-1,0.000138,0.000138,0.000277,0.763424,0.236023
AATGTGCCCGAGGTGT-1,0.000426,0.000426,0.046082,0.191722,0.761345
AATGTGCTAATCTGAG-1,0.001053,0.001053,0.002106,0.207619,0.78817
AATGTTAAGACCCTGA-1,0.000017,0.000017,0.000034,0.982109,0.017822
AATGTTGTCGTGAGAC-1,0.00004,0.00004,0.004606,0.814164,0.18115
AATTAAAGGTCGGCGT-1,0.033433,0.000076,0.03062,0.273637,0.662234
AATTAACGGATTTCCA-1,0.000154,0.000154,0.035659,0.778804,0.185229
AATTACGAGACCCATC-1,0.000262,0.000262,0.000524,0.038749,0.960204
AATTACTCGTACGCTC-1,0.092063,0.001724,0.784712,0.006899,0.114602
AATTAGCGCTGCAGCG-1,0.000585,0.000585,0.00117,0.00234,0.99532
AATTATACCCAGCAAG-1,0.000027,0.000027,0.010758,0.901964,0.087223
AATTCATAAGGGATCT-1,0.177528,0.003334,0.322659,0.23052,0.265959
AATTCATTGTCATGCA-1,0.0004,0.0004,0.076939,0.297851,0.62441
AATTCCAACTTGGTGA-1,0.012275,0.002703,0.605832,0.07091,0.308281
AATTCCAAGCATGTAC-1,0.000141,0.000141,0.052854,0.41199,0.534872
AATTCGATTCGAGGAT-1,0.0826,0.000055,0.039359,0.856519,0.021467
AATTCTAGAGTTAGGC-1,0.058498,0.000518,0.248794,0.184268,0.507922
AATTGAACGCTCTGGT-1,0.000277,0.000277,0.000554,0.335456,0.663436
AATTGCAGCAATCGAC-1,0.00003,0.00003,0.000059,0.731814,0.268067
AATTGCGTGGATTACA-1,0.000326,0.000326,0.215635,0.454602,0.329111
AATTGTGGTTGCCAAA-1,0.000036,0.000036,0.000072,0.914404,0.085451
AATTTGGGACATAGTA-1,0.001924,0.001923,0.003847,0.007695,0.984611
AATTTGGTTCCAAAGA-1,0.000097,0.000097,0.772758,0.03599,0.191057
ACAAACCATGCGTCCT-1,0.000449,0.000448,0.000897,0.11777,0.880436
ACAAACCGACAAGGCG-1,0.000061,0.000061,0.887061,0.049893,0.062925
ACAAAGAAGGTAGGCC-1,0.000067,0.000067,0.760939,0.03861,0.200317
ACAAAGCATGACCTAG-1,0.000036,0.000036,0.000851,0.89052,0.108557
ACAAATCGCACCGAAT-1,0.032717,0.000037,0.0292,0.701915,0.236132
ACAAATGGTAGTGTTT-1,0.000171,0.000171,0.000342,0.209555,0.789761
ACAACAGCATGAGCTA-1,0.181618,0.000662,0.001325,0.240514,0.575881
ACAACGGTCCCTGCGA-1,0.019232,0.000165,0.72191,0.139263,0.119429
ACAAGCAGTGCCTAGC-1,0.000125,0.000125,0.598802,0.188548,0.2124
ACAAGCTATATGGAAG-1,0.00002,0.00002,0.152731,0.798552,0.048676
ACAAGGAAATCCGCCC-1,0.00087,0.00087,0.00174,0.003479,0.993042
ACAAGGACAAGAGGTT-1,0.043892,0.000153,0.462313,0.000613,0.493029
ACAAGGATGCTTTAGG-1,0.000063,0.000063,0.019284,0.837019,0.143571
ACAAGGGCAGGCTCTG-1,0.194222,0.37324,0.001429,0.002858,0.428251
ACAATAGTCGTACGTT-1,0.0274,0.000166,0.374671,0.0881,0.509663
ACAATCCATTTAAACC-1,0.000137,0.000137,0.584331,0.067309,0.348087
ACAATCGATCTTTATA-1,0.000091,0.000091,0.912861,0.086773,0.000183
ACAATGAATACGGAGA-1,0.034158,0.000122,0.053699,0.708498,0.203523
ACAATTGTGTCTCTTT-1,0.000053,0.000053,0.001347,0.720259,0.278289
ACAATTTAGGAGGCTC-1,0.00007,0.00007,0.803153,0.077925,0.118781
ACAATTTGAGCAGTGG-1,0.312744,0.003125,0.184915,0.012504,0.486712
ACACAAAGACGGGTGG-1,0.000235,0.000235,0.1185,0.000941,0.880088
ACACACCAGGACCAGT-1,0.000038,0.000038,0.000076,0.884854,0.114994
ACACACTTTCTACACG-1,0.000168,0.000168,0.704611,0.000672,0.29438
ACACATGATCAAATCT-1,0.147799,0.0008,0.0016,0.003201,0.8466
ACACATTGACGCAACA-1,0.001031,0.001031,0.522531,0.004125,0.471282
ACACATTTCCGTAGAC-1,0.105568,0.000137,0.036298,0.407063,0.450934
ACACCACATAATTAGC-1,0.001042,0.001042,0.002084,0.226039,0.769793
ACACCCAGCATGCAGC-1,0.016907,0.000259,0.321661,0.001037,0.660135
ACACCCGAGAAATCCG-1,0.000054,0.000054,0.99957,0.000215,0.000108
ACACCGAGCGCTCTTT-1,0.000183,0.000183,0.756838,0.000731,0.242064
ACACCGGTCTGACCGC-1,0.000115,0.000115,0.000231,0.611628,0.38791
ACACCTTAAGTAGGGC-1,0.000168,0.000168,0.371599,0.123326,0.504739
ACACCTTACTACTTGC-1,0.000057,0.000057,0.000113,0.504715,0.495059
ACACGAGACTCCTTCT-1,0.078814,0.001205,0.002411,0.004821,0.912749
ACACGGCACTATGCAT-1,0.000056,0.000056,0.86684,0.000225,0.132822
ACACGGGAACTTAGGG-1,0.000357,0.000357,0.000714,0.001429,0.997142
ACACGTAGGCCACAAG-1,0.000071,0.000071,0.035471,0.759595,0.204792
ACACTGATCAAGGTGT-1,0.039228,0.000197,0.000394,0.336402,0.623779
ACACTGGGACAGTCGT-1,0.000095,0.000095,0.00019,0.762145,0.237476
ACAGAACTGAGAACAA-1,0.020144,0.000062,0.016067,0.778788,0.184939
ACAGCATAGAGCCAGT-1,0.000076,0.000076,0.999391,0.000304,0.000152
ACAGCGACATTCTCAT-1,0.000087,0.000087,0.000175,0.935116,0.064534
ACAGCGCACCCGCAGC-1,0.000113,0.000113,0.031819,0.100802,0.867153
ACAGGAGGCGCAGCCG-1,0.140184,0.000437,0.729171,0.001747,0.128461
ACAGGCACGGATCCTT-1,0.000057,0.000057,0.009771,0.744738,0.245378
ACAGGCTTGCCCGACT-1,0.000057,0.000057,0.068958,0.562953,0.367974
ACAGGTGGAGGTGAGG-1,0.044727,0.000167,0.000334,0.000668,0.954104
ACAGGTGTGTTGTTGC-1,0.000032,0.000032,0.189549,0.7274,0.082988
ACAGTAATACAACTTG-1,0.000124,0.000124,0.075178,0.246275,0.6783
ACATAAGTCGTGGTGA-1,0.00015,0.00015,0.019984,0.343095,0.636621
ACATAATAAGGCGGTG-1,0.096289,0.000228,0.499628,0.000914,0.402941
ACATCAGCTGGGACGC-1,0.000145,0.000145,0.802751,0.0974,0.09956
ACATCCCGGCCATACG-1,0.000981,0.00098,0.273907,0.195664,0.528468
ACATCCTGGTAACTGT-1,0.082265,0.000061,0.000122,0.660305,0.257247
ACATCGATCGTTTACC-1,0.106814,0.000709,0.001419,0.002838,0.88822
ACATCGGTCAGCCGCG-1,0.000329,0.000329,0.246594,0.001316,0.751431
ACATCGTATGCAATGG-1,0.000585,0.000585,0.00117,0.408708,0.588952
ACATCGTTAACCTAGT-1,0.023966,0.000163,0.200193,0.039857,0.73582
ACATCTCAACGCGTAA-1,0.00004,0.00004,0.889555,0.074449,0.035916
ACATGCTTACGGCAGC-1,0.000166,0.000166,0.000332,0.407224,0.592111
ACATGGCGCCAAAGTA-1,0.000045,0.000045,0.003286,0.592897,0.403726
ACATGGCTCAATTTAG-1,0.003573,0.003572,0.007146,0.014291,0.971419
ACATTAGTTTATATCC-1,0.000565,0.000565,0.143573,0.002261,0.853036
ACATTCGCGCGGAATA-1,0.000083,0.000083,0.000166,0.376502,0.623165
ACATTTGAAACCTAAC-1,0.000014,0.000014,0.000027,0.94396,0.055985
ACCAACACCACACACT-1,0.001235,0.001235,0.088743,0.242941,0.665846
ACCAACCGCACTCCAC-1,0.000039,0.000039,0.020889,0.66783,0.311204
ACCAACGCTTATTTAT-1,0.02148,0.000377,0.041119,0.00151,0.935515
ACCAAGAACGCGTGTC-1,0.000054,0.000054,0.999566,0.000217,0.000108
ACCAAGTCATCGGCAG-1,0.000037,0.000037,0.000074,0.769847,0.230005
ACCAATATGCAAGTTA-1,0.043428,0.000122,0.078969,0.467052,0.41043
ACCACAACTCAGAACA-1,0.000096,0.000096,0.037628,0.0892,0.872979
ACCACAAGTTTCTATC-1,0.000238,0.000238,0.094419,0.000953,0.904153
ACCACACGGTTGATGG-1,0.000063,0.000063,0.030044,0.76397,0.20586
ACCACCAATGTAACAA-1,0.019276,0.000021,0.000041,0.827964,0.152697
ACCACGTGCAGCTATA-1,0.000453,0.000453,0.000905,0.301022,0.697168
ACCACTGTTCAAGAAG-1,0.139814,0.001205,0.85175,0.004821,0.00241
ACCAGACCATAACAAC-1,0.00013,0.00013,0.518801,0.17668,0.304259
ACCAGCCCGGTCTTTG-1,0.000039,0.000039,0.983547,0.008412,0.007963
ACCAGGAGTGTGATCT-1,0.000174,0.000174,0.746871,0.000696,0.252085
ACCAGTGCGGGAGACG-1,0.000092,0.000092,0.000184,0.522879,0.476753
ACCATATCCGCAATAA-1,0.000535,0.000535,0.00107,0.00214,0.995721
ACCATCCGCCAACTAG-1,0.000156,0.000156,0.242832,0.000624,0.756231
ACCATCGTATATGGTA-1,0.000199,0.000199,0.000398,0.000795,0.998409
ACCATTAAGGGTGTCA-1,0.075086,0.000162,0.857249,0.011849,0.055654
ACCCAACGCCCGTGGC-1,0.434558,0.000625,0.390293,0.002501,0.172023
ACCCACCTACATGCTC-1,0.000171,0.000171,0.855288,0.000684,0.143687
ACCCATCTTGAGGGTA-1,0.000289,0.000289,0.107804,0.001156,0.890462
ACCCATTTGTCCCTCT-1,0.000098,0.000098,0.000196,0.731115,0.268493
ACCCGAGCGAAATTAC-1,0.021379,0.000238,0.067076,0.445376,0.465932
ACCCGATTGGTTCCGA-1,0.000166,0.000166,0.051802,0.191278,0.756588
ACCCGGAAACTCCCAG-1,0.000123,0.000123,0.074119,0.890716,0.034919
ACCCGGAGCACCACAA-1,0.000028,0.000028,0.011122,0.694672,0.294151
ACCCGGATGACGCATC-1,0.00008,0.00008,0.058144,0.595506,0.346191
ACCCGGTTACACTTCC-1,0.020883,0.000162,0.111519,0.009676,0.85776
ACCCGTAGCAGAGAAT-1,0.000257,0.000257,0.000514,0.291636,0.707336
ACCCGTAGTCTAGTTG-1,0.007348,0.000051,0.000102,0.787655,0.204844
ACCCGTGTCATCAGTA-1,0.104032,0.000457,0.156009,0.346118,0.393384
ACCCTATAGGACTGAG-1,0.000234,0.000234,0.832574,0.038465,0.128492
ACCCTATGCCATATCG-1,0.000971,0.000971,0.102601,0.003885,0.891572
ACCCTCCCGTCAGGGC-1,0.004406,0.000034,0.007438,0.882769,0.105353
ACCCTCCCTTGCTATT-1,0.027416,0.000075,0.056751,0.656162,0.259596
ACCCTGGTAACGCCCT-1,0.000042,0.000042,0.018545,0.10056,0.880812
ACCCTTCATCTGCGAA-1,0.00011,0.00011,0.684656,0.013094,0.30203
ACCCTTTAGTTCTCCA-1,0.000089,0.000089,0.13984,0.228523,0.631459
ACCGAAGAGTCTGGTT-1,0.033899,0.000166,0.000332,0.434208,0.531396
ACCGACACATCTCCCA-1,0.028441,0.000292,0.601024,0.137226,0.233018
ACCGACTGAGTCCCAC-1,0.000184,0.000184,0.000368,0.407105,0.592158
ACCGAGTCTCCTTATT-1,0.000043,0.000043,0.000087,0.663163,0.336664
ACCGATAGGCATAACC-1,0.000027,0.000027,0.038755,0.780947,0.180244
ACCGATATTTAATCAT-1,0.000014,0.000014,0.000028,0.999744,0.000199
ACCGATGGTAGCATCG-1,0.000769,0.000769,0.001539,0.003078,0.993844
ACCGCAATAACTGCCT-1,0.105834,0.000149,0.046253,0.369398,0.478366
ACCGCGGTGGAAGTCG-1,0.000046,0.000046,0.014479,0.627241,0.358187
ACCGCTAGTCATTGGT-1,0.000129,0.000129,0.000259,0.518964,0.480519
ACCGGGCCTTTGTTGA-1,0.000035,0.000035,0.000069,0.774128,0.225734
ACCGGTCAGGTACACC-1,0.00087,0.00087,0.00174,0.003479,0.993042
ACCGTCCACTGGGCCC-1,0.000055,0.000055,0.182572,0.215209,0.602109
ACCGTGACCACGTGGG-1,0.15245,0.00047,0.161867,0.1288,0.556413
ACCTAAGTACCTTTCA-1,0.000299,0.000299,0.077603,0.001198,0.9206
ACCTAATCGACTTCCT-1,0.000141,0.000141,0.829725,0.129587,0.040406
ACCTACAGTATGTGGT-1,0.000074,0.000074,0.003975,0.577205,0.418671
ACCTACTATAAATCTA-1,0.000078,0.000078,0.0743,0.591833,0.333711
ACCTCCGCCCTCGCTG-1,0.000072,0.000072,0.020124,0.809718,0.170013
ACCTCCGTTATTCACC-1,0.000079,0.000079,0.006871,0.759505,0.233467
ACCTCGAACTTATGCT-1,0.000296,0.000296,0.000592,0.550499,0.448317
ACCTGCGTGTCATGTT-1,0.080492,0.000239,0.058979,0.071167,0.789122
ACCTTTCCTTTAGAAG-1,0.022141,0.00009,0.875258,0.102332,0.000179
ACGAAATGGGCGGCAC-1,0.000129,0.000129,0.872304,0.113903,0.013536
ACGACCCATGAGTTGC-1,0.000046,0.000046,0.000165,0.787494,0.21225
ACGACTCTAGGGCCGA-1,0.000021,0.000021,0.000041,0.886088,0.11383
ACGACTGGTCATACTC-1,0.014904,0.000153,0.162457,0.358451,0.464035
ACGAGAACCCATCACG-1,0.18255,0.000412,0.544899,0.010083,0.262057
ACGAGATATTTGCTTA-1,0.000193,0.000193,0.000387,0.002957,0.996269
ACGAGGATACCACTCT-1,0.000412,0.000412,0.219626,0.001647,0.777905
ACGAGGTTTACAACGT-1,0.000467,0.000467,0.000935,0.301435,0.696695
ACGAGTACGGATGCCC-1,0.270569,0.002703,0.290677,0.010813,0.425238
ACGAGTCGCCGGCGTT-1,0.002501,0.0025,0.700316,0.010003,0.284681
ACGATACATAGAACTA-1,0.000538,0.000538,0.242042,0.002151,0.754732
ACGATACCTATCCTGA-1,0.000038,0.000038,0.253444,0.494747,0.251732
ACGATCATACATAGAG-1,0.00013,0.00013,0.000259,0.04917,0.950311
ACGATCATCTTGTAAA-1,0.000037,0.000037,0.031147,0.815436,0.153343
ACGATGCATATGTTAT-1,0.000138,0.000138,0.046706,0.35714,0.595877
ACGATGGATCCGATGC-1,0.000105,0.000105,0.626888,0.138498,0.234403
ACGCAAACTAATAGAT-1,0.045585,0.000078,0.042263,0.751133,0.16094
ACGCAATCACTACAGC-1,0.294337,0.005001,0.010004,0.020007,0.670651
ACGCATACGTTTACTA-1,0.005963,0.000065,0.033114,0.769802,0.191057
ACGCATTCGTGAGTAC-1,0.022612,0.000277,0.074737,0.499,0.403374
ACGCCACTCGAAACAG-1,0.000051,0.000051,0.060522,0.687532,0.251844
ACGCCAGATGATTTCT-1,0.000037,0.000037,0.000074,0.362795,0.637058
ACGCCAGTGCGTTTGC-1,0.000038,0.000038,0.000075,0.894305,0.105545
ACGCCCAGCTGTCGAT-1,0.000035,0.000035,0.999229,0.000631,0.00007
ACGCCGCTAGACGACC-1,0.0674,0.000592,0.177137,0.002368,0.752503
ACGCCTGACACGCGCT-1,0.16149,0.000725,0.652905,0.183431,0.00145
ACGCGAAGTCAGACGA-1,0.000769,0.000769,0.001539,0.003078,0.993845
ACGCGCTACACAGGGT-1,0.000211,0.000211,0.367436,0.000842,0.6313
ACGCGGGCCAAGGACA-1,0.000617,0.000617,0.001235,0.163691,0.833839
ACGCGTTTCTTAAGAG-1,0.000142,0.000142,0.669109,0.000567,0.330041
ACGCTAGTGATACACT-1,0.000459,0.000459,0.291545,0.195693,0.511845
ACGCTGTGAGGCGTAG-1,0.00018,0.00018,0.730438,0.052111,0.217091
ACGCTTAGTGTCTCTC-1,0.000059,0.000059,0.053365,0.130586,0.815931
ACGGAACACGAGTGCC-1,0.000039,0.000038,0.016613,0.684694,0.298615
ACGGACGCAGCGACAA-1,0.063068,0.000106,0.05954,0.394357,0.482928
ACGGACTCTCAAAGCG-1,0.021527,0.000079,0.000158,0.855973,0.122264
ACGGAGCGCAAATTAC-1,0.171964,0.001887,0.147556,0.007549,0.671044
ACGGATGGTGCGGATA-1,0.07652,0.000109,0.03667,0.432474,0.454226
ACGGCACTTGCTTGGG-1,0.00115,0.00115,0.0023,0.004599,0.990802
ACGGCCAACATGGACT-1,0.000603,0.000602,0.185573,0.00241,0.810811
ACGGCGACGATGGGAA-1,0.000544,0.000544,0.035178,0.002175,0.96156
ACGGCGGGTTGCCCTG-1,0.3698,0.000781,0.62473,0.003126,0.001563
ACGGCTGGATGTAGAA-1,0.000198,0.000198,0.042844,0.727798,0.228961
ACGGGAGTGTCGGCCC-1,0.000169,0.000169,0.089533,0.386302,0.523827
ACGGGCGTATGCGACA-1,0.000121,0.000121,0.000242,0.181164,0.818352
ACGGGTCATGTGACTT-1,0.000134,0.000134,0.792077,0.044386,0.163268
ACGGGTTGTGACCTGT-1,0.000277,0.000277,0.000554,0.182615,0.816276
ACGGTACAGTTCAATG-1,0.000026,0.000026,0.000053,0.980774,0.01912
ACGGTCACCGAGAACA-1,0.000299,0.000299,0.044562,0.173942,0.780898
ACGTACAGATTTCTCT-1,0.000087,0.000087,0.892633,0.062441,0.044752
ACGTACTTTGGCACGG-1,0.000361,0.000361,0.023654,0.001444,0.974179
ACGTAGATTGCTGATG-1,0.183905,0.000353,0.000707,0.615505,0.19953
ACGTAGGAGAGTCGCT-1,0.00014,0.00014,0.062091,0.372929,0.5647
ACGTATTACTCCGATC-1,0.000131,0.000131,0.080488,0.339598,0.579653
ACGTCCTAAACGAGAT-1,0.022744,0.000071,0.76459,0.080439,0.132157
ACGTCGGGCAACTCGG-1,0.000094,0.000094,0.032051,0.540463,0.427299
ACGTCTCGTTCCGGGA-1,0.000162,0.000162,0.726959,0.000647,0.27207
ACGTGACAAAGTAAGT-1,0.000105,0.000105,0.212558,0.058614,0.728618
ACGTGCGCCTCGTGCA-1,0.000214,0.000214,0.367918,0.000855,0.630799
ACGTGGTCGAATGTGC-1,0.000064,0.000064,0.857341,0.095901,0.04663
ACGTTAATGTCGAAGA-1,0.001667,0.001667,0.003334,0.006669,0.986663
ACGTTAGATTTGCCCG-1,0.000505,0.000505,0.00101,0.002021,0.995959
ACGTTCACTATGCCGC-1,0.000054,0.000054,0.004362,0.862941,0.132589
ACGTTCCGCGCTCCGT-1,0.000107,0.000107,0.822469,0.000428,0.176889
ACGTTCGCAATCAATT-1,0.000066,0.000066,0.023579,0.652706,0.323583
ACGTTCGTTCAGGAAA-1,0.000645,0.000645,0.046917,0.002581,0.949211
ACGTTCTGTACAAGTC-1,0.000077,0.000077,0.000155,0.759134,0.240557
ACGTTGTCGTTGAAAG-1,0.000069,0.000069,0.008428,0.445622,0.545813
ACGTTTAGTTGTGATC-1,0.000167,0.000167,0.337791,0.174195,0.487679
ACTAATACGTCAGGCG-1,0.001099,0.001099,0.148404,0.469377,0.38002
ACTACAAAGAGAGGTG-1,0.000129,0.000129,0.018227,0.199949,0.781566
ACTACATCCCGACAAG-1,0.000572,0.000571,0.001143,0.002286,0.995427
ACTACCAGCTCTCTGG-1,0.003275,0.00019,0.52466,0.115436,0.356439
ACTACCATCCGAGGGC-1,0.000102,0.000102,0.070481,0.20766,0.721656
ACTACGCGTTAGAATT-1,0.000279,0.000279,0.157327,0.086953,0.755163
ACTAGTTGCGATCGTC-1,0.000033,0.000033,0.005265,0.893559,0.101111
ACTATATGCTGTGTTC-1,0.103755,0.000935,0.417067,0.003739,0.474504
ACTATCCAGGGCATGG-1,0.000028,0.000028,0.009931,0.915198,0.074815
ACTATCGCCGGCTAAA-1,0.095326,0.000087,0.853723,0.046132,0.004732
ACTATCTGCCCGCGTA-1,0.000058,0.000058,0.000116,0.689713,0.310056
ACTATGTCCAGCTGCC-1,0.000562,0.000562,0.001124,0.258628,0.739124
ACTATTCGTCCGTGGT-1,0.000055,0.000055,0.061243,0.352713,0.585933
ACTATTTCCGGGCCCA-1,0.000575,0.000575,0.129348,0.148839,0.720664
ACTCAACGAATGTATT-1,0.000926,0.000926,0.608682,0.003705,0.385761
ACTCAAGTGCAAGGCT-1,0.000033,0.000033,0.000067,0.836332,0.163534
ACTCAATAAAGGCACG-1,0.000138,0.000138,0.037548,0.000552,0.961624
ACTCAGACCTGCTTCT-1,0.019145,0.000216,0.957079,0.000864,0.022696
ACTCATGGCAGCCTTC-1,0.000128,0.000128,0.000256,0.67937,0.320118
ACTCCAATATCATCAT-1,0.000641,0.000641,0.099849,0.264479,0.63439
ACTCCCATTCCTAAAG-1,0.000145,0.000145,0.354337,0.148464,0.496908
ACTCCCGAATTCGTTT-1,0.022366,0.000036,0.000072,0.975054,0.002471
ACTCCCTAATGCTAAA-1,0.01798,0.000287,0.013887,0.328003,0.639842
ACTCCCTAGAATAGTA-1,0.000578,0.000578,0.054152,0.025576,0.919116
ACTCCGGCCGACCACT-1,0.000033,0.000033,0.000066,0.697368,0.3025
ACTCGCCGTTCGATAA-1,0.000037,0.000037,0.005685,0.836765,0.157476
ACTCGTAACCCGTCCT-1,0.000262,0.000262,0.074457,0.123293,0.801727
ACTCGTCAGTAATCCC-1,0.096095,0.000953,0.001905,0.286737,0.614311
ACTCTAAACCTGGGAT-1,0.00005,0.00005,0.594763,0.338531,0.066606
ACTCTCTGACTTAGGT-1,0.000944,0.000944,0.078419,0.237628,0.682066
ACTCTCTTATACACGA-1,0.163346,0.00115,0.0023,0.004599,0.828606
ACTCTGACCTAATAGA-1,0.00005,0.00005,0.000099,0.638993,0.360809
ACTCTTCAGCTCCCGC-1,0.000091,0.000091,0.215206,0.544432,0.240179
ACTCTTGTATAGTAAC-1,0.002327,0.002326,0.004652,0.009305,0.981391
ACTGAAACGCCGTTAG-1,0.000043,0.000043,0.000086,0.790825,0.209003
ACTGAATGGCGAAAGT-1,0.000062,0.000062,0.002553,0.696286,0.301038
ACTGATTTAGTGATTC-1,0.000117,0.000117,0.303977,0.182332,0.513456
ACTGCCCGCCATTCTC-1,0.084399,0.000183,0.000366,0.33624,0.578812
ACTGCCGTCGTAACTC-1,0.000093,0.000093,0.075382,0.011406,0.913027
ACTGCGGACACACCGT-1,0.041671,0.00008,0.017567,0.58783,0.352852
ACTGCTCGGAAGGATG-1,0.000214,0.000214,0.000428,0.141007,0.858136
ACTGGGATGCCAGTGC-1,0.000179,0.000179,0.19071,0.068059,0.740872
ACTGTACGATACACAT-1,0.075293,0.001351,0.002703,0.424293,0.496359
ACTGTAGCACTTTGGA-1,0.000171,0.000171,0.429312,0.000684,0.569662
ACTGTATACGCGAGCA-1,0.000094,0.000094,0.463898,0.535724,0.000189
ACTGTCCAGGATTATA-1,0.041907,0.000115,0.000231,0.556132,0.401615
ACTGTCTTCTTTAGAA-1,0.000419,0.000418,0.000837,0.15578,0.842546
ACTGTGCTAGTAGATC-1,0.000214,0.000214,0.92325,0.000855,0.075467
ACTGTTTAGTGTAGGC-1,0.000092,0.000092,0.573479,0.239884,0.186453
ACTTACCGGGCGCGCA-1,0.161421,0.002128,0.004256,0.008513,0.823682
ACTTACGCATCCACGC-1,0.00018,0.00018,0.117685,0.172842,0.709113
ACTTATACTTACCCGG-1,0.000621,0.000621,0.010507,0.15571,0.832541
ACTTATCTGATCTATA-1,0.125596,0.001163,0.866263,0.004652,0.002326
ACTTATTAGGATCGGT-1,0.000242,0.000242,0.327522,0.000969,0.671025
ACTTATTTATGTGCCA-1,0.022946,0.000096,0.042653,0.689409,0.244896
ACTTCAGGCTGATCCC-1,0.000127,0.000127,0.032518,0.54479,0.422438
ACTTCCAGTGGAAGCT-1,0.057151,0.000165,0.049937,0.296261,0.596486
ACTTCCATGCGGGACA-1,0.000038,0.000038,0.000076,0.933609,0.066238
ACTTCGCCATACGCAC-1,0.073518,0.000316,0.000633,0.767832,0.1577
ACTTGACTCCCTCTTT-1,0.001695,0.001695,0.234301,0.006782,0.755527
ACTTGCCATATTGTAC-1,0.000186,0.000186,0.84713,0.000745,0.151752
ACTTGCTCTATCTACC-1,0.000181,0.000181,0.110486,0.661256,0.227896
ACTTGGGACCCGGTGG-1,0.008655,0.000154,0.058839,0.000615,0.931738
ACTTGTAGTCCCTTCA-1,0.000186,0.000186,0.500582,0.000745,0.4983
ACTTGTGGATGGAACG-1,0.000062,0.000062,0.017713,0.708783,0.27338
ACTTGTTACCGGATCA-1,0.187379,0.00015,0.222329,0.15778,0.432362
ACTTTACCCTCATGAA-1,0.03367,0.000085,0.055224,0.649028,0.261993
ACTTTATACACCACTT-1,0.027294,0.00013,0.011168,0.611651,0.349757
ACTTTCCTATAGCTTC-1,0.000318,0.000317,0.000635,0.00127,0.99746
ACTTTGACTGCATCCT-1,0.000281,0.000281,0.697186,0.122848,0.179404
ACTTTGGTCGTGCTCC-1,0.118126,0.000516,0.054151,0.002062,0.825145
ACTTTGTCGACGCACT-1,0.000053,0.000053,0.000106,0.776744,0.223045
AGAAATTATGACTCGC-1,0.000025,0.000025,0.054767,0.809277,0.135906
AGAACACGGCGATGGT-1,0.000057,0.000057,0.030558,0.504422,0.464907
AGAACCCTCAATTGGG-1,0.000182,0.000181,0.000363,0.594738,0.404536
AGAACGTGGTACATTC-1,0.000181,0.000181,0.000362,0.803053,0.196223
AGAACTGTACTTTGTA-1,0.00005,0.00005,0.015975,0.748636,0.235289
AGAAGAGCGCCGTTCC-1,0.009092,0.009091,0.018186,0.036374,0.927256
AGAAGGTACACTTCAC-1,0.000146,0.000146,0.120557,0.205443,0.673708
AGAAGGTTGCCGAATT-1,0.042584,0.000056,0.044762,0.539159,0.373439
AGAAGGTTGTAGGTCG-1,0.000212,0.000212,0.136118,0.358055,0.505403
AGAAGTGATTCGTGAT-1,0.000152,0.000152,0.196552,0.190052,0.613092
AGAATAAATCTTCAGG-1,0.000096,0.000096,0.466,0.346166,0.187642
AGAATACAGGCTATCC-1,0.000044,0.000044,0.01393,0.773739,0.212242
AGAATGCGGGTTCGGA-1,0.000303,0.000303,0.028399,0.001212,0.969783
AGAATTATGGATTCGA-1,0.000306,0.000306,0.000612,0.342053,0.656723
AGAATTGTTTGACATA-1,0.000117,0.000117,0.778005,0.152427,0.069333
AGACAGGCATCTCAGC-1,0.000017,0.000017,0.007963,0.964908,0.027094
AGACATAGATCCTTCC-1,0.00013,0.00013,0.899335,0.000521,0.099883
AGACCAAACCACACCT-1,0.000073,0.000073,0.032873,0.520002,0.44698
AGACCATGGGATACAA-1,0.000081,0.000081,0.73263,0.195088,0.07212
AGACCCACCGCTGATC-1,0.000926,0.000926,0.001852,0.003705,0.992591
AGACCCGCCCTCCTCG-1,0.030883,0.000188,0.20248,0.188058,0.578392
AGACCGCTCCGCGGTT-1,0.000058,0.000058,0.000116,0.739628,0.260139
AGACCGGGAAACCCTG-1,0.000153,0.000153,0.412211,0.000611,0.586873
AGACGAAGTGCCGGTC-1,0.000066,0.000066,0.019041,0.708038,0.272789
AGACGACGATGCCGCT-1,0.000349,0.000348,0.131909,0.001394,0.866
AGACGCCCACTTCGCC-1,0.000041,0.000041,0.000083,0.724409,0.275426
AGACGGGATTGGTATA-1,0.00008,0.000079,0.782607,0.091056,0.126178
AGACTAGCCTTCCAGA-1,0.000314,0.000314,0.000627,0.072583,0.926163
AGACTGTTACCGGGTC-1,0.00072,0.000719,0.001439,0.27806,0.719061
AGAGAAACACCAGAAA-1,0.028549,0.000251,0.000501,0.173848,0.796851
AGAGAACCGTCTAGGA-1,0.000641,0.000641,0.116552,0.880883,0.001282
AGAGAAGGAGTACAAT-1,0.000076,0.000076,0.004014,0.725357,0.270476
AGAGATCTCTAAAGCG-1,0.000097,0.000097,0.742729,0.000388,0.256689
AGAGCAGTTATGAGAC-1,0.000142,0.000142,0.764591,0.076503,0.158622
AGAGCCGCCGAGATTT-1,0.000115,0.000115,0.000229,0.850095,0.149447
AGAGCGGGCTAATCAT-1,0.086312,0.000177,0.255905,0.000707,0.656899
AGAGCGTACAAGCTCG-1,0.000171,0.000171,0.859872,0.139445,0.000341
AGAGCTACGAAAGCAT-1,0.002858,0.002857,0.405434,0.011432,0.577418
AGAGGCTTCGGAAACC-1,0.000017,0.000017,0.000034,0.93812,0.061813
AGAGGTATCTCGGTCC-1,0.000217,0.000216,0.776313,0.000866,0.222388
AGAGTAAACTTCACTA-1,0.000038,0.000038,0.000077,0.752952,0.246894
AGAGTATAGTGTTACG-1,0.00005,0.00005,0.000101,0.108003,0.891795
AGAGTTAGAGACCGAT-1,0.001493,0.001493,0.002986,0.094723,0.899305
AGATAACTTCAGGGCC-1,0.000082,0.000082,0.020956,0.478145,0.500735
AGATACCAATAGAACC-1,0.000015,0.000015,0.003637,0.951437,0.044896
AGATACCGGTGTTCAC-1,0.000316,0.000315,0.000631,0.001262,0.997476
AGATACTCAAGATCGA-1,0.119921,0.000275,0.029837,0.380218,0.46975
AGATATAATACGACTA-1,0.0943,0.000495,0.127498,0.001981,0.775726
AGATCGTGCATAAGAT-1,0.002326,0.002326,0.148795,0.009305,0.837248
AGATCTCAGGTGTGAT-1,0.000633,0.000633,0.093696,0.757283,0.147755
AGATCTGGAGAGGATA-1,0.000085,0.000085,0.00017,0.245304,0.754355
AGATGACTCGCCCACG-1,0.000178,0.000178,0.345546,0.308327,0.34577
AGATGAGGGTTGCGAT-1,0.077071,0.001923,0.003847,0.500337,0.416821
AGATGATGGAGTCTGG-1,0.000087,0.000087,0.08098,0.612812,0.306033
AGATGCAAGACGTGCA-1,0.052781,0.000221,0.000443,0.376511,0.570044
AGATGCATCCTGTGTC-1,0.000144,0.000143,0.407168,0.054952,0.537593
AGATGCTATAACGAGC-1,0.00087,0.00087,0.5607,0.052788,0.384772
AGATTATAGGACGTTT-1,0.000359,0.000358,0.000717,0.001438,0.997128
AGATTCACAACCGATA-1,0.000177,0.000177,0.072956,0.077258,0.849432
AGCAAAGGCCGCTAGT-1,0.000695,0.000695,0.241097,0.314225,0.443289
AGCAACATATCTTATT-1,0.000068,0.000068,0.030084,0.853405,0.116375
AGCAACCGAAAGTAAT-1,0.000741,0.000741,0.064803,0.002964,0.930751
AGCACACGTTTAGACT-1,0.000277,0.000277,0.083257,0.221335,0.694854
AGCACCAGTACTCACG-1,0.000373,0.000373,0.000746,0.001493,0.997014
AGCACTACCGGCCTGT-1,0.00015,0.00015,0.854135,0.000602,0.144963
AGCACTACCTCACCAG-1,0.006645,0.000052,0.084414,0.694517,0.214373
AGCACTTAAGGACGCC-1,0.000168,0.000168,0.601461,0.114698,0.283504
AGCAGAAGGAGAAAGA-1,0.144911,0.000094,0.185683,0.247741,0.421571
AGCAGCCAGATGAATA-1,0.000301,0.000301,0.000603,0.407285,0.591509
AGCAGTCGAAGCATGC-1,0.000027,0.000027,0.000054,0.793979,0.205912
AGCATATCAATATGCT-1,0.000071,0.000071,0.000143,0.629114,0.370601
AGCATCATTTCGAAAG-1,0.041854,0.000299,0.000599,0.095307,0.861941
AGCATCGTCGATAATT-1,0.00022,0.00022,0.288257,0.000881,0.710421
AGCATTACGAGGCAAG-1,0.000055,0.000055,0.011637,0.832767,0.155485
AGCCAAGCTTTGTGTC-1,0.000459,0.000459,0.077748,0.001835,0.919499
AGCCACAGGTTACCCG-1,0.000053,0.000053,0.000106,0.980892,0.018896
AGCCACTCCCGTGCTT-1,0.002223,0.002222,0.004446,0.420395,0.570714
AGCCATATAGTATGTG-1,0.000267,0.000267,0.1981,0.110098,0.691269
AGCCCATACATGTAAG-1,0.029928,0.00014,0.545177,0.047126,0.377629
AGCCCGCAACAAGCAG-1,0.015737,0.000111,0.180835,0.000443,0.802874
AGCCCGCACTACAATG-1,0.000015,0.000015,0.00003,0.962386,0.037554
AGCCCGGCATTAGAGG-1,0.000177,0.000177,0.000354,0.412221,0.587071
AGCCCGGTAGCCTGTA-1,0.044085,0.000699,0.001399,0.186344,0.767473
AGCCCTAAGCGAAGTT-1,0.000153,0.000153,0.319128,0.000614,0.679952
AGCCCTCCCTGGTGGC-1,0.000553,0.000553,0.001105,0.374575,0.623214
AGCCCTGTCGCACCGT-1,0.000028,0.000028,0.000057,0.905407,0.094479
AGCCCTTCTAATCCGA-1,0.646608,0.000763,0.348047,0.003054,0.001527
AGCCCTTGGACATCCC-1,0.000053,0.000053,0.000106,0.725719,0.274069
