Barcode,Topic 1,Topic 2,Topic 3to7,Topic 8to10
AAACAACGAATAGTTC-1,0.001493,0.001493,0.007465,0.989549
AAACAAGTATCTCCCA-1,0.00003,0.025615,0.824708,0.149646
AAACAATCTACTAGCA-1,0.002564,0.002565,0.012824,0.982047
AAACACCAATAACTGC-1,0.000057,0.125485,0.085456,0.789002
AAACAGAGCGACTCCT-1,0.001724,0.001725,0.008623,0.987928
AAACAGCTTTCAGAAG-1,0.000041,0.000041,0.086232,0.913686
AAACAGGGTCTATATT-1,0.00003,0.00003,0.287182,0.712758
AAACAGTGTTCCTGGG-1,0.000019,0.000019,0.302453,0.69751
AAACATGGTGAGAGGA-1,0.000028,0.007417,0.046932,0.945623
AAACATTTCCCGGATT-1,0.000236,0.087498,0.001182,0.911084
AAACCACTACACAGAT-1,0.00122,0.00122,0.166565,0.830995
AAACCCGAACGAAATC-1,0.000014,0.000014,0.871769,0.128203
AAACCGGAAATGTTAA-1,0.000169,0.024664,0.368478,0.60669
AAACCGGGTAGGTACC-1,0.000024,0.000024,0.462297,0.537654
AAACCGTTCGTCCAGG-1,0.000023,0.002201,0.618712,0.379063
AAACCTAAGCAGCCGG-1,0.000027,0.920891,0.011666,0.067415
AAACCTCATGAAGTTG-1,0.000024,0.004983,0.336327,0.658667
AAACGAAGAACATACC-1,0.000807,0.000807,0.267578,0.730808
AAACGAAGATGGAGTA-1,0.000032,0.006116,0.244139,0.749712
AAACGACAGTCTTGCC-1,0.000389,0.000389,0.059532,0.939689
AAACGAGACGGTTGAT-1,0.000027,0.000027,0.734674,0.265272
AAACGCCCGAGATCGG-1,0.000671,0.000671,0.491928,0.50673
AAACGCTGGGCACGAC-1,0.000016,0.925794,0.01916,0.055031
AAACGGGCGTACGGGT-1,0.000155,0.235457,0.000774,0.763614
AAACGGGTTGGTATCC-1,0.001124,0.001124,0.005619,0.992133
AAACGGTTGCGAACTG-1,0.00007,0.030822,0.014461,0.954648
AAACGTGTTCGCCCTA-1,0.000781,0.000781,0.003907,0.99453
AAACTAACGTGGCGAC-1,0.000234,0.000234,0.052894,0.946639
AAACTCGGTTCGCAAT-1,0.000128,0.413149,0.00064,0.586084
AAACTCGTGATATAAG-1,0.000472,0.000472,0.380893,0.618163
AAACTGCTGGCTCCAA-1,0.000015,0.000015,0.736036,0.263934
AAACTTAATTGCACGC-1,0.000024,0.000024,0.350757,0.649196
AAACTTGCAAACGTAT-1,0.000028,0.000121,0.14993,0.849921
AAAGAATGACCTTAGA-1,0.000043,0.022554,0.033635,0.943768
AAAGAATGTGGACTAA-1,0.000024,0.942021,0.027707,0.030248
AAAGACATGAAGTTTA-1,0.000228,0.039462,0.189738,0.770571
AAAGACCCAAGTCGCG-1,0.000309,0.000309,0.174605,0.824777
AAAGACTGGGCGCTTT-1,0.000394,0.000394,0.288739,0.710473
AAAGCTTGCCTACATA-1,0.000058,0.010197,0.103127,0.886619
AAAGGCCCTATAATAC-1,0.000026,0.000026,0.02222,0.977728
AAAGGCTACGGACCAT-1,0.00007,0.116552,0.094659,0.788719
AAAGGCTCTCGCGCCG-1,0.000013,0.04329,0.858355,0.098341
AAAGGGATGTAGCAAG-1,0.000292,0.071985,0.001462,0.926261
AAAGGGCAGCTTGAAT-1,0.000503,0.066119,0.002513,0.930865
AAAGGTAAGCTGTACC-1,0.000253,0.000253,0.377761,0.621734
AAAGGTCAACGACATG-1,0.002703,0.002703,0.013516,0.981077
AAAGTAGCATTGCTCA-1,0.000031,0.003751,0.531478,0.464741
AAAGTCACTGATGTAA-1,0.000901,0.000901,0.004506,0.993692
AAAGTCGACCCTCAGT-1,0.000063,0.000063,0.439339,0.560535
AAAGTGCCATCAATTA-1,0.000571,0.084312,0.002858,0.912259
AAAGTGTGATTTATCT-1,0.000027,0.003458,0.761039,0.235476
AAAGTTGACTCCCGTA-1,0.000028,0.020141,0.551055,0.428777
AAATAACCATACGGGA-1,0.000332,0.000332,0.318226,0.68111
AAATAAGGTAGTGCCC-1,0.000019,0.009717,0.523287,0.466977
AAATACCTATAAGCAT-1,0.000026,0.009359,0.754219,0.236395
AAATAGCTTAGACTTT-1,0.000022,0.000022,0.789161,0.210794
AAATAGGGTGCTATTG-1,0.000018,0.01007,0.95461,0.035301
AAATCACTCCTAAACG-1,0.00164,0.175064,0.008199,0.815098
AAATCCGATACACGCC-1,0.000098,0.101244,0.226362,0.672296
AAATCGCGGAAGGAGT-1,0.000041,0.006273,0.160051,0.833635
AAATCGTGTACCACAA-1,0.000019,0.01572,0.704407,0.279854
AAATCTAGCCCTGCTA-1,0.000051,0.053284,0.543046,0.403618
AAATCTGCCCGCGTCC-1,0.000056,0.011601,0.021546,0.966797
AAATGACTGATCAAAC-1,0.000014,0.009789,0.4035,0.586697
AAATGATTCGATCAGC-1,0.000402,0.078405,0.123427,0.797766
AAATGCTCGTTACGTT-1,0.000568,0.000568,0.002842,0.996022
AAATGGCATGTCTTGT-1,0.000426,0.000426,0.002128,0.997021
AAATGGCCCGTGCCCT-1,0.000021,0.001761,0.460127,0.53809
AAATGGTCAATGTGCC-1,0.000115,0.000115,0.000574,0.999197
AAATGTATCTTATCCC-1,0.000102,0.036601,0.154599,0.808698
AAATGTGGGTGCTCCT-1,0.000204,0.000204,0.590461,0.409131
AAATTAACGGGTAGCT-1,0.00008,0.00008,0.107361,0.892479
AAATTAATAAGCGCGA-1,0.000168,0.000168,0.313159,0.686505
AAATTACACGACTCTG-1,0.000556,0.000556,0.241503,0.757386
AAATTACCTATCGATG-1,0.000235,0.084393,0.001177,0.914195
AAATTCCAGGTCCAAA-1,0.000011,0.000873,0.945825,0.053291
AAATTGATAGTCCTTT-1,0.000038,0.03032,0.483642,0.485999
AAATTGCGGCGGTTCT-1,0.000556,0.000556,0.002779,0.99611
AAATTGGTGAGAAGCA-1,0.001449,0.00145,0.007249,0.989852
AAATTTACCGAAATCC-1,0.000465,0.000465,0.293738,0.705331
AAATTTGCGGGTGTGG-1,0.000028,0.000028,0.579424,0.420519
AACAACTGGTAGTTGC-1,0.000433,0.000433,0.002165,0.996969
AACAATACATTGTCGA-1,0.000037,0.53796,0.009759,0.452244
AACAATTACTCTACGC-1,0.000602,0.000603,0.184868,0.813927
AACACACGCTCGCCGC-1,0.000025,0.006441,0.764425,0.229109
AACACGACTGTACTGA-1,0.000472,0.000472,0.258321,0.740736
AACACGAGACGCGGCC-1,0.000017,0.000017,0.523574,0.476391
AACACGCGGCCGCGAA-1,0.000538,0.000538,0.002689,0.996236
AACAGCTGTGTGGCAA-1,0.000023,0.630314,0.162248,0.207416
AACAGGAAATCGAATA-1,0.000281,0.000281,0.057555,0.941883
AACAGGATGGGCCGCG-1,0.000368,0.000368,0.001839,0.997426
AACAGGTAGTATGGAT-1,0.000014,0.001928,0.926703,0.071355
AACATAGCGTGTATCG-1,0.000022,0.181466,0.229631,0.588881
AACATATCAACTGGTG-1,0.00025,0.027737,0.00125,0.970763
AACATCGATACGTCTA-1,0.000758,0.000758,0.003789,0.994695
AACATTGAAGTTGATC-1,0.000047,0.006972,0.068873,0.924108
AACATTGGTCAGCCGT-1,0.002273,0.002273,0.011367,0.984087
AACATTGTGACTCGAG-1,0.00008,0.033732,0.038251,0.927937
AACCAAGACTTCTCTG-1,0.00005,0.00005,0.199364,0.800535
AACCAGTATCACTCTT-1,0.001,0.10982,0.005001,0.884179
AACCATAGGGTTGAAC-1,0.000039,0.00531,0.007298,0.987353
AACCATGGGATCGCTA-1,0.000397,0.000397,0.001985,0.997222
AACCCAGAGACGGAGA-1,0.000222,0.000222,0.001109,0.998447
AACCCATCCCATGATC-1,0.000063,0.254874,0.02312,0.721943
AACCCGACAACCCGTG-1,0.000032,0.000032,0.008937,0.990998
AACCCGAGCAGAATCG-1,0.000307,0.09335,0.001534,0.904809
AACCCGATAGGGCTTC-1,0.00115,0.00115,0.396101,0.6016
AACCCGCTGTATTCCA-1,0.000018,0.008406,0.153701,0.837874
AACCCTACTGTCAATA-1,0.000031,0.007127,0.688089,0.304752
AACCCTGGTGGAACCA-1,0.000926,0.000926,0.004631,0.993517
AACCGAGCTTGGTCAT-1,0.739762,0.000345,0.001725,0.258168
AACCGCTAAGGGATGC-1,0.000029,0.039994,0.637012,0.322964
AACCGTTGTGTTTGCT-1,0.000429,0.000429,0.417741,0.581401
AACCTAAAGCCGTCCG-1,0.000135,0.000135,0.647715,0.352015
AACCTCGCTTTAGCCC-1,0.000279,0.08769,0.397473,0.514558
AACCTGTCACGGAATT-1,0.000017,0.000017,0.98513,0.014835
AACCTTTAAATACGGT-1,0.000025,0.000025,0.773478,0.226471
AACCTTTACGACGTCT-1,0.000535,0.000535,0.002675,0.996256
AACGAAAGTCGTCCCA-1,0.000046,0.000046,0.223493,0.776415
AACGACCTCCTAGCCG-1,0.000037,0.808353,0.000187,0.191422
AACGATAATGCCGTAG-1,0.000043,0.032666,0.540127,0.427164
AACGATAGAAGGGCCG-1,0.000217,0.000217,0.221543,0.778024
AACGATATGTCAACTG-1,0.000104,0.019977,0.776248,0.203671
AACGCATGATCTGGGT-1,0.001064,0.027643,0.005321,0.965972
AACGCGAACGGCAACA-1,0.000658,0.000658,0.00329,0.995394
AACGCGACCTTGGGCG-1,0.000042,0.000042,0.10015,0.899766
AACGCGGTCTCCAGCC-1,0.000621,0.000621,0.003106,0.995651
AACGCTGTTGCTGAAA-1,0.000054,0.002769,0.646991,0.350186
AACGGACGTACGTATA-1,0.000018,0.000018,0.883823,0.11614
AACGGCCATCTCCGGT-1,0.000014,0.000014,0.877979,0.121994
AACGTACTGTGGGTAC-1,0.000018,0.000948,0.740468,0.258566
AACGTAGTCTACCCAT-1,0.003704,0.003705,0.018524,0.974068
AACGTCAGACTAGTGG-1,0.000877,0.000877,0.004387,0.993858
AACGTCATCCGGCTTG-1,0.000116,0.009388,0.504948,0.485548
AACGTCGCTGCACTTC-1,0.000023,0.994432,0.003023,0.002521
AACGTGATGAAGGACA-1,0.001053,0.001053,0.005265,0.99263
AACGTGCGAAAGTCTC-1,0.000013,0.008913,0.983815,0.007259
AACGTTATCAGCACCT-1,0.000508,0.000508,0.475958,0.523027
AACGTTCTACCATTGT-1,0.000014,0.326706,0.386792,0.286488
AACTACCCGTTTGTCA-1,0.000041,0.000041,0.360007,0.639912
AACTAGCGTATCGCAC-1,0.000394,0.022714,0.001969,0.974923
AACTAGGCTTGGGTGT-1,0.000057,0.018157,0.513516,0.468269
AACTCAAGTTAATTGC-1,0.000037,0.000037,0.38874,0.611187
AACTCCAGAGCGTGTT-1,0.000214,0.052373,0.001071,0.946342
AACTCCTAATCCCATG-1,0.000658,0.000658,0.00329,0.995394
AACTCGATAAACACGT-1,0.00115,0.00115,0.005749,0.991952
AACTCGATGGCGCAGT-1,0.00087,0.039683,0.004349,0.955098
AACTCTCAATAGAGCG-1,0.000044,0.011235,0.642327,0.346394
AACTCTCAGTGTGCTC-1,0.000024,0.010246,0.524198,0.465531
AACTGAGGTCAGCGTC-1,0.000263,0.000263,0.778658,0.220816
AACTGAGTTATACTGA-1,0.000033,0.005338,0.838205,0.156423
AACTGATATTAGGCCT-1,0.000052,0.000052,0.882407,0.11749
AACTGGGTCCCGACGT-1,0.000971,0.000971,0.213858,0.7842
AACTGGGTTCGAGCCG-1,0.001031,0.001031,0.182271,0.815667
AACTGGTGTGGGCCTT-1,0.000588,0.000588,0.002942,0.995881
AACTTCTGCGTCTATC-1,0.000395,0.000395,0.001977,0.997232
AACTTGCCCGTATGCA-1,0.000935,0.000935,0.004674,0.993456
AACTTGCGTTCTCGCG-1,0.000588,0.000588,0.002942,0.995881
AACTTTACGGGAGCTT-1,0.000339,0.000339,0.001695,0.997626
AACTTTAGCTGCTGAG-1,0.001075,0.001076,0.005378,0.992471
AACTTTCTCGATCATG-1,0.000629,0.000629,0.389145,0.609597
AAGAAAGTTTGATGGG-1,0.000044,0.012342,0.000222,0.987391
AAGAAATCACCAGATT-1,0.000769,0.08664,0.003847,0.908744
AAGAAGGATCAGTTAG-1,0.000261,0.222449,0.001306,0.775984
AAGACATACGTGGTTT-1,0.000135,0.428623,0.084148,0.487094
AAGACCAAATAACTCA-1,0.000013,0.000013,0.398522,0.601452
AAGACCCAACTGAACA-1,0.000018,0.607385,0.207528,0.185069
AAGACTAACCCGTTGT-1,0.000725,0.000725,0.003624,0.994926
AAGACTCACGCCCACT-1,0.000105,0.000105,0.677217,0.322573
AAGACTGCAAGCTACT-1,0.000023,0.006254,0.830383,0.16334
AAGAGATGAATCGGTA-1,0.000153,0.000153,0.000765,0.998929
AAGAGCTCTTTATCGG-1,0.000032,0.034136,0.528484,0.437348
AAGAGGATGTACGCGA-1,0.000045,0.006973,0.000926,0.992056
AAGAGGCATGGATCGC-1,0.000016,0.000016,0.907471,0.092498
AAGAGGCCCTTTGGAA-1,0.000268,0.000268,0.0049,0.994564
AAGATGGCACCGGACC-1,0.000021,0.644758,0.194385,0.160837
AAGATTGGCGGAACGT-1,0.000493,0.000493,0.002464,0.996551
AAGCACCCTGCGTATC-1,0.000216,0.000217,0.587703,0.411864
AAGCATACTCTCCTGA-1,0.000037,0.017608,0.370722,0.611633
AAGCCACTTGCAGGTA-1,0.000019,0.000019,0.328287,0.671675
AAGCCGAAGCGGTTTA-1,0.000054,0.009422,0.678494,0.312031
AAGCCGCCGTGAAATC-1,0.000023,0.010106,0.092357,0.897514
AAGCCGCTTTACCTTG-1,0.000571,0.000572,0.326705,0.672152
AAGCCGGAGAGCAGGA-1,0.000833,0.000834,0.004168,0.994165
AAGCGCAGGGCTTTGA-1,0.000116,0.344574,0.000582,0.654728
AAGCGGAGTGCGCGCA-1,0.001316,0.001316,0.006581,0.990787
AAGCGGCGTCATGGGT-1,0.000474,0.000474,0.00237,0.996682
AAGCGTCCCTCATCGA-1,0.000045,0.0419,0.83436,0.123694
AAGCTAGATCGAGTAA-1,0.000015,0.032175,0.872107,0.095703
AAGCTATGGATTGACC-1,0.000042,0.030672,0.204209,0.765077
AAGCTCGTGCCAAGTC-1,0.000037,0.000037,0.625031,0.374895
AAGCTCTTTCATGGTG-1,0.000161,0.091433,0.189036,0.719371
AAGGAGAACTTATAAG-1,0.001177,0.001177,0.005884,0.991762
AAGGAGCGGTTGGTGC-1,0.000352,0.000352,0.001761,0.997535
AAGGATCGATCGCTTG-1,0.000025,0.006954,0.773828,0.219194
AAGGATGAGGGACCTC-1,0.00027,0.050745,0.401888,0.547097
AAGGCAGGCTGTCTCC-1,0.000011,0.001683,0.998274,0.000032
AAGGCGCGTAAAGCTT-1,0.000361,0.000361,0.098945,0.900333
AAGGCTGTGCTCATCG-1,0.000578,0.030511,0.002891,0.96602
AAGGGAACGACTGGCT-1,0.000041,0.017925,0.052662,0.929372
AAGGGACAGATTCTGT-1,0.00036,0.00036,0.208947,0.790333
AAGGGACTATGCATTC-1,0.000049,0.080574,0.274603,0.644775
AAGGGTTAGCCATGCG-1,0.000019,0.454165,0.180255,0.365561
AAGGGTTTGATTTCAG-1,0.000085,0.023667,0.122559,0.853688
AAGGTATCCTAATATA-1,0.000658,0.000658,0.123301,0.875383
AAGGTGATAAACCAGC-1,0.000021,0.012938,0.65483,0.332211
AAGTAAGCTTCCAAAC-1,0.00244,0.00244,0.012198,0.982922
AAGTAGAAGACCGGGT-1,0.000529,0.000529,0.002646,0.996295
AAGTAGTGACGCGAGG-1,0.000312,0.000312,0.229979,0.769398
AAGTCAATTGTCGTCA-1,0.00001,0.002475,0.994879,0.002637
AAGTCTAGTAGCTGCC-1,0.001124,0.001124,0.360687,0.637065
AAGTCTTCTGTGGCCT-1,0.000021,0.000021,0.682723,0.317235
AAGTGACGACCGAATT-1,0.000024,0.000024,0.516839,0.483114
AAGTGAGTCGGGTTTA-1,0.000071,0.189773,0.091454,0.718702
AAGTGCAAAGGTAGAC-1,0.000032,0.0002,0.977636,0.022132
AAGTGCCTTGACTGTA-1,0.000016,0.000016,0.949682,0.050286
AAGTGCGTTAGAATCT-1,0.000018,0.005399,0.862208,0.132376
AAGTGCTTCTCTATTG-1,0.000036,0.04048,0.071434,0.88805
AAGTGTTTGGAGACGG-1,0.000031,0.020469,0.75701,0.222489
AAGTTCACTCCAAGCT-1,0.000148,0.080657,0.406774,0.512422
AAGTTCGGCCAACAGG-1,0.000018,0.003145,0.593523,0.403315
AAGTTGTGATGTTATA-1,0.000159,0.338504,0.000794,0.660543
AAGTTTACTAATGGCA-1,0.002326,0.002326,0.011631,0.983717
AAGTTTATGGGCCCAA-1,0.000119,0.167088,0.000593,0.8322
AATAACAACGCTCGGC-1,0.000048,0.009188,0.233594,0.75717
AATAACACTAGAACAA-1,0.000009,0.009889,0.853864,0.136238
AATAACGTCGCGCCCA-1,0.000018,0.592911,0.109912,0.297159
AATAAGTCCTCGAGAC-1,0.000056,0.000056,0.734131,0.265757
AATAATCTTCGTATCG-1,0.000084,0.068613,0.45264,0.478663
AATACAATGTTTCAGG-1,0.000222,0.000222,0.434395,0.56516
AATACCGGAGGGCTGT-1,0.000041,0.009228,0.079299,0.911431
AATACCTGATGTGAAC-1,0.000012,0.999892,0.00006,0.000036
AATAGAACAGAGTGGC-1,0.000007,0.006601,0.988469,0.004923
AATAGAATCTGTTTCA-1,0.000055,0.000055,0.217996,0.781894
AATAGCAAGCCTCCTG-1,0.000926,0.000926,0.004631,0.993517
AATAGCTACCGCGTGC-1,0.00137,0.00137,0.006851,0.990408
AATAGGCACGACCCTT-1,0.000063,0.178206,0.374277,0.447454
AATAGTCCGTCCCGAC-1,0.000034,0.000034,0.646417,0.353516
AATAGTCGCGAGTCGG-1,0.000415,0.028752,0.002075,0.968758
AATATCAAGGTCGGAT-1,0.000541,0.000541,0.002703,0.996215
AATATCCTAGCAAACT-1,0.000017,0.012787,0.517158,0.470039
AATATCGAATCAATGC-1,0.00006,0.026335,0.632943,0.340662
AATATCGAGGGTTCTC-1,0.00015,0.177712,0.044565,0.777573
AATATTGGAGTATTGA-1,0.00009,0.00009,0.000449,0.999372
AATCAGACTGCAGGAC-1,0.000252,0.000252,0.376548,0.622948
AATCAGGTTTCATTTA-1,0.000093,0.032054,0.012151,0.955702
AATCATGTAAAGACTC-1,0.000077,0.031371,0.31664,0.651912
AATCCAAGGGCCTGAG-1,0.000847,0.000848,0.004239,0.994066
AATCCATGCAAGGGTG-1,0.001389,0.001389,0.006946,0.990276
AATCCCGCTCAGAGCC-1,0.000025,0.004222,0.307869,0.687884
AATCGAGGTCTCAAGG-1,0.000028,0.122234,0.306933,0.570804
AATCGCCTCAGCGCCA-1,0.00002,0.005919,0.657149,0.336913
AATCGCGCAGAGGACT-1,0.000016,0.002026,0.957807,0.040151
AATCGGGACACTACGA-1,0.001961,0.001961,0.009806,0.986272
AATCGGTATAGCCCTC-1,0.000022,0.998673,0.001237,0.000067
AATCGTGAGCCGAGCA-1,0.000036,0.814831,0.004206,0.180927
AATCTAGGTTTACTTG-1,0.000017,0.017832,0.79342,0.18873
AATCTATGCCGGAGCC-1,0.000158,0.000159,0.133573,0.86611
AATCTCTACTGTGGTT-1,0.000086,0.000086,0.000432,0.999395
AATCTGCGTTGGGACG-1,0.000025,0.000025,0.703913,0.296037
AATCTGGCTTTCTAGT-1,0.000011,0.0048,0.895085,0.100105
AATCTGGGTAGACCCT-1,0.0008,0.0008,0.338294,0.660106
AATGACAGCAATGTCT-1,0.000023,0.008089,0.689061,0.302827
AATGACGTAGGATGTC-1,0.000022,0.002041,0.787048,0.210889
AATGACTGTCAGCCGG-1,0.000099,0.006782,0.364978,0.628141
AATGAGTTCGCATATG-1,0.000788,0.000788,0.003938,0.994487
AATGATGATACGCTAT-1,0.001205,0.001205,0.006026,0.991564
AATGATGCGACTCCTG-1,0.000735,0.000735,0.003678,0.994852
AATGCAACCGGGTACC-1,0.000243,0.000243,0.001217,0.998296
AATGCACCAAGCAATG-1,0.000191,0.000191,0.148861,0.850757
AATGGCCGCCAATGCG-1,0.000568,0.000568,0.53152,0.467343
AATGGTCCACCGTTCA-1,0.00013,0.00013,0.507025,0.492716
AATGGTTCTCACAAGC-1,0.000263,0.000263,0.088297,0.911176
AATGTATGGCACTGTA-1,0.000071,0.000071,0.000355,0.999503
AATGTGCCCGAGGTGT-1,0.000054,0.077277,0.203026,0.719643
AATGTGCTAATCTGAG-1,0.000031,0.011207,0.290694,0.698069
AATGTTAAGACCCTGA-1,0.000023,0.148067,0.081836,0.770073
AATGTTGTCGTGAGAC-1,0.000118,0.420351,0.009675,0.569856
AATTAAAGGTCGGCGT-1,0.000046,0.000046,0.239151,0.760757
AATTAACGGATTTCCA-1,0.000156,0.0607,0.06483,0.874314
AATTACGAGACCCATC-1,0.000103,0.143721,0.045673,0.810503
AATTACTCGTACGCTC-1,0.000807,0.000807,0.004033,0.994353
AATTAGCGCTGCAGCG-1,0.000049,0.043437,0.444994,0.511521
AATTATACCCAGCAAG-1,0.000026,0.2983,0.203637,0.498037
AATTCATAAGGGATCT-1,0.00099,0.00099,0.004952,0.993068
AATTCATTGTCATGCA-1,0.000085,0.000085,0.0056,0.994229
AATTCCAACTTGGTGA-1,0.001191,0.001191,0.005954,0.991664
AATTCCAAGCATGTAC-1,0.00006,0.001963,0.042991,0.954986
AATTCGATTCGAGGAT-1,0.000069,0.582278,0.043901,0.373752
AATTCTAGAGTTAGGC-1,0.000037,0.000037,0.610582,0.389344
AATTGAACGCTCTGGT-1,0.000022,0.025696,0.749019,0.225262
AATTGCAGCAATCGAC-1,0.000188,0.22097,0.000942,0.777899
AATTGCGTGGATTACA-1,0.00005,0.00005,0.156214,0.843685
AATTTGGGACATAGTA-1,0.000211,0.01693,0.466957,0.515901
AATTTGGTTCCAAAGA-1,0.00012,0.00012,0.786404,0.213356
ACAAACCATGCGTCCT-1,0.000014,0.000014,0.17419,0.825781
ACAAACCGACAAGGCG-1,0.000169,0.000169,0.682546,0.317116
ACAAACTCCATCAGAG-1,0.000024,0.001429,0.175497,0.82305
ACAAAGAAGGTAGGCC-1,0.000024,0.000024,0.210027,0.789924
ACAAAGCATGACCTAG-1,0.00012,0.093994,0.000601,0.905284
ACAAATCGCACCGAAT-1,0.000026,0.007339,0.560513,0.432123
ACAAATGGTAGTGTTT-1,0.000024,0.000024,0.82361,0.176341
ACAAATTCAGATCTGA-1,0.000962,0.000962,0.004809,0.993267
ACAACAGCATGAGCTA-1,0.000038,0.000038,0.468104,0.53182
ACAACGGTCCCTGCGA-1,0.000345,0.09199,0.001725,0.90594
ACAAGCAGTGCCTAGC-1,0.001493,0.131647,0.007465,0.859396
ACAAGCTATATGGAAG-1,0.000054,0.032794,0.359387,0.607764
ACAAGGAAATCCGCCC-1,0.000035,0.000035,0.596792,0.403139
ACAAGGACAAGAGGTT-1,0.000161,0.009996,0.235719,0.754124
ACAAGGATGCTTTAGG-1,0.000265,0.000265,0.001327,0.998143
ACAAGGCCTACCAGCC-1,0.000302,0.078655,0.001511,0.919532
ACAAGGGCAGGCTCTG-1,0.000038,0.007879,0.390187,0.601896
ACAAGTAATTGTAAGG-1,0.000048,0.060047,0.543275,0.396631
ACAATAGTCGTACGTT-1,0.00008,0.023518,0.156803,0.8196
ACAATCCATTTAAACC-1,0.000048,0.000048,0.334362,0.665542
ACAATCGATCTTTATA-1,0.000479,0.107612,0.488904,0.403006
ACAATGAATACGGAGA-1,0.000018,0.594299,0.287682,0.118001
ACAATGATTCTTCTAC-1,0.001205,0.001205,0.068001,0.929589
ACAATTGTGTCTCTTT-1,0.000063,0.000064,0.411131,0.588742
ACAATTTAGGAGGCTC-1,0.000259,0.000259,0.083793,0.915689
ACAATTTGAGCAGTGG-1,0.000285,0.000285,0.125945,0.873486
ACAATTTGGCCATATT-1,0.000034,0.014056,0.765101,0.22081
ACACAAAGACGGGTGG-1,0.000077,0.000077,0.511975,0.487871
ACACAAATATTCCTAG-1,0.000157,0.000157,0.561189,0.438497
ACACACCAGGACCAGT-1,0.00002,0.024505,0.566373,0.409102
ACACACTTTCTACACG-1,0.000229,0.070381,0.758529,0.170861
ACACATGATCAAATCT-1,0.000041,0.140546,0.069279,0.790133
ACACATTGACGCAACA-1,0.001613,0.001613,0.008067,0.988706
ACACATTTCCGTAGAC-1,0.000062,0.051876,0.112894,0.835168
ACACCACATAATTAGC-1,0.000019,0.008147,0.385072,0.606762
ACACCCAGCATGCAGC-1,0.000249,0.000249,0.020484,0.979017
ACACCCGAGAAATCCG-1,0.00032,0.00032,0.001598,0.997763
ACACCCGTAAATCTGT-1,0.000585,0.000585,0.16747,0.831361
ACACCGAGCGCTCTTT-1,0.000362,0.056646,0.093,0.849992
ACACCGGTCTGACCGC-1,0.000031,0.000031,0.000154,0.999785
ACACCTTAAGTAGGGC-1,0.000163,0.117134,0.392758,0.489945
ACACCTTACTACTTGC-1,0.000025,0.00764,0.87437,0.117964
ACACGAGACTCCTTCT-1,0.000114,0.000114,0.138506,0.861265
ACACGGCACTATGCAT-1,0.000136,0.000136,0.949658,0.050071
ACACGGGAACTTAGGG-1,0.000441,0.000441,0.170901,0.828218
ACACGTAGGCCACAAG-1,0.000338,0.099233,0.00169,0.89874
ACACTCCAATGTCACT-1,0.000483,0.000483,0.426447,0.572587
ACACTGATCAAGGTGT-1,0.000012,0.025395,0.908923,0.06567
ACACTGGGACAGTCGT-1,0.00047,0.075714,0.002348,0.921468
ACAGAACTGAGAACAA-1,0.000017,0.013787,0.609548,0.376648
ACAGATTAGGTTAGTG-1,0.000885,0.086293,0.298151,0.614671
ACAGCATAGAGCCAGT-1,0.000476,0.000476,0.271597,0.72745
ACAGCGACATTCTCAT-1,0.00042,0.00042,0.002101,0.997058
ACAGCGCACCCGCAGC-1,0.000503,0.000503,0.164225,0.83477
ACAGGAGGCGCAGCCG-1,0.000254,0.000254,0.001269,0.998223
ACAGGCTTGCCCGACT-1,0.000056,0.03155,0.533848,0.434547
ACAGGTGGAGGTGAGG-1,0.000019,0.023867,0.839088,0.137025
ACAGGTGTGTTGTTGC-1,0.000051,0.01144,0.438559,0.549951
ACAGTAATACAACTTG-1,0.000042,0.000042,0.458162,0.541754
ACAGTATACCGTGGGA-1,0.001613,0.001613,0.008067,0.988707
ACAGTGCAGCGCATTT-1,0.001563,0.001563,0.007815,0.98906
ACATAAGTCGTGGTGA-1,0.000069,0.031889,0.194379,0.773663
ACATAATAAGGCGGTG-1,0.000515,0.000516,0.002578,0.996391
ACATACAATCAAGCGG-1,0.000026,0.969238,0.030658,0.000078
ACATCAGCTGGGACGC-1,0.000108,0.000108,0.627601,0.372184
ACATCCCGGCCATACG-1,0.000031,0.023212,0.693011,0.283745
ACATCCTGGTAACTGT-1,0.000021,0.000021,0.930871,0.069086
ACATCGATCGTTTACC-1,0.000054,0.044969,0.698196,0.256781
ACATCGCAATATTCGG-1,0.000057,0.113084,0.480694,0.406165
ACATCGGTCAGCCGCG-1,0.000039,0.000039,0.522687,0.477236
ACATCGTATGCAATGG-1,0.000045,0.000045,0.629332,0.370578
ACATCGTTAACCTAGT-1,0.000893,0.000893,0.004466,0.993748
ACATCTCAACGCGTAA-1,0.000201,0.000201,0.178609,0.820989
ACATGCTTACGGCAGC-1,0.000024,0.000024,0.26937,0.730583
ACATGGCGCCAAAGTA-1,0.000015,0.015444,0.439143,0.545398
ACATGGCTCAATTTAG-1,0.000572,0.000572,0.308907,0.689949
ACATTAGTTTATATCC-1,0.000039,0.026002,0.760255,0.213703
ACATTCGCGCGGAATA-1,0.000036,0.000036,0.045936,0.953992
ACATTTGAAACCTAAC-1,0.000011,0.999898,0.000056,0.000034
ACCAAACACCCAGCGA-1,0.000295,0.000295,0.071955,0.927454
ACCAAACTAGAAATCC-1,0.000314,0.000314,0.167017,0.832356
ACCAACACCACACACT-1,0.000544,0.000544,0.400393,0.598519
ACCAACCGCACTCCAC-1,0.000127,0.044553,0.127604,0.827716
ACCAACGCTTATTTAT-1,0.000027,0.025444,0.704626,0.269904
ACCAAGAACGCGTGTC-1,0.000089,0.04932,0.026542,0.924049
ACCAAGTCATCGGCAG-1,0.000048,0.976789,0.004024,0.019139
ACCAATATGCAAGTTA-1,0.000114,0.051411,0.365894,0.58258
ACCACAACTCAGAACA-1,0.00099,0.00099,0.004952,0.993068
ACCACAAGTTTCTATC-1,0.000251,0.045896,0.166811,0.787042
ACCACACGGTTGATGG-1,0.000033,0.145645,0.151889,0.702433
ACCACCAATGTAACAA-1,0.000016,0.017843,0.689095,0.293045
ACCACCCTCTCTTCTA-1,0.000516,0.000516,0.002578,0.996391
ACCACGTGCAGCTATA-1,0.000044,0.010129,0.607815,0.382012
ACCACTGTTCAAGAAG-1,0.00009,0.00009,0.872733,0.127087
ACCAGACCATAACAAC-1,0.00002,0.022822,0.261965,0.715194
ACCAGCCCGGTCTTTG-1,0.000184,0.000184,0.263554,0.736078
ACCAGGAGTGTGATCT-1,0.000439,0.000439,0.190244,0.808878
ACCAGTGCCCGGTCAA-1,0.001282,0.001282,0.006412,0.991024
ACCAGTGCGGGAGACG-1,0.000036,0.000036,0.754086,0.245842
ACCATATCCGCAATAA-1,0.000025,0.025753,0.211548,0.762674
ACCATCCGCCAACTAG-1,0.000017,0.01296,0.605746,0.381276
ACCATCGTATATGGTA-1,0.000025,0.009227,0.590282,0.400466
ACCATTAAGGGTGTCA-1,0.000952,0.000953,0.004763,0.993332
ACCCAACGCCCGTGGC-1,0.000063,0.000063,0.149802,0.850072
ACCCACCTACATGCTC-1,0.001111,0.001111,0.005557,0.99222
ACCCATCTTGAGGGTA-1,0.000046,0.038054,0.425942,0.535957
ACCCATTTGTCCCTCT-1,0.000226,0.000226,0.191563,0.807986
ACCCGAGCGAAATTAC-1,0.00004,0.138791,0.33661,0.524559
ACCCGATTGGTTCCGA-1,0.000074,0.000586,0.000369,0.998971
ACCCGGAAACTCCCAG-1,0.000136,0.000136,0.215188,0.78454
ACCCGGAGCACCACAA-1,0.000581,0.000582,0.002908,0.995929
ACCCGGATGACGCATC-1,0.000017,0.000017,0.99253,0.007437
ACCCGGTTACACTTCC-1,0.000035,0.013016,0.47787,0.509079
ACCCGTAGCAGAGAAT-1,0.000031,0.057325,0.148287,0.794356
ACCCGTAGTCTAGTTG-1,0.000128,0.474563,0.10695,0.418359
ACCCGTGTCATCAGTA-1,0.000073,0.061474,0.486909,0.451544
ACCCTATAGGACTGAG-1,0.000662,0.073179,0.003312,0.922846
ACCCTATGCCATATCG-1,0.000035,0.006256,0.805298,0.188411
ACCCTCCCGTCAGGGC-1,0.000062,0.847342,0.042563,0.110032
ACCCTCCCTTGCTATT-1,0.00002,0.007882,0.962691,0.029407
ACCCTGGTAACGCCCT-1,0.001754,0.001755,0.008774,0.987716
ACCCTTCATCTGCGAA-1,0.000082,0.000082,0.953724,0.046112
ACCCTTGCCTGGGTCG-1,0.000877,0.000877,0.004387,0.993858
ACCCTTTAGTTCTCCA-1,0.000444,0.000445,0.357275,0.641836
ACCGAAAGGGCCCTGC-1,0.001075,0.001076,0.005378,0.992471
ACCGAAGAGTCTGGTT-1,0.000032,0.023863,0.457199,0.518906
ACCGACACATCTCCCA-1,0.000086,0.103117,0.517233,0.379563
ACCGACTGAGTCCCAC-1,0.000252,0.038356,0.00126,0.960132
ACCGAGTCTCCTTATT-1,0.000168,0.393904,0.000839,0.605089
ACCGATAGGCATAACC-1,0.000633,0.093637,0.003165,0.902565
ACCGATATTTAATCAT-1,0.00019,0.072154,0.564418,0.363237
ACCGATGGTAGCATCG-1,0.000033,0.016104,0.600977,0.382886
ACCGCAATAACTGCCT-1,0.000015,0.011611,0.908905,0.07947
ACCGCGGTGGAAGTCG-1,0.000022,0.011601,0.695061,0.293316
ACCGCTAGTCATTGGT-1,0.000042,0.000042,0.000211,0.999704
ACCGGGCCTTTGTTGA-1,0.000019,0.005922,0.902534,0.091525
ACCGGTCAGGTACACC-1,0.000064,0.056509,0.127942,0.815486
ACCGGTCTGAGTACGG-1,0.000847,0.000848,0.004239,0.994066
ACCGTCCACTGGGCCC-1,0.000054,0.000055,0.15061,0.849281
ACCGTGACCACGTGGG-1,0.000046,0.460115,0.115404,0.424436
ACCGTTCCCGCTCTGA-1,0.001667,0.098078,0.008335,0.891919
ACCTAAGTACCTTTCA-1,0.000022,0.023472,0.523484,0.453022
ACCTAATCGACTTCCT-1,0.000242,0.000242,0.300331,0.699185
ACCTACAGTATGTGGT-1,0.000019,0.000019,0.950609,0.049353
ACCTACTATAAATCTA-1,0.00006,0.087864,0.158034,0.754041
ACCTCAGCGAGGCGCA-1,0.000195,0.822018,0.177204,0.000584
ACCTCCGCCCTCGCTG-1,0.000288,0.02988,0.407681,0.562151
ACCTCCGTTATTCACC-1,0.000024,0.013071,0.815234,0.17167
ACCTCGAACTTATGCT-1,0.000076,0.000076,0.000379,0.999469
ACCTGCGTGTCATGTT-1,0.000038,0.000038,0.306293,0.693631
ACCTTTCCTTTAGAAG-1,0.000629,0.062581,0.003145,0.933645
ACGAAATGGGCGGCAC-1,0.001,0.001,0.005002,0.992998
ACGACCCATGAGTTGC-1,0.000376,0.000376,0.071733,0.927514
ACGACTCTAGGGCCGA-1,0.000047,0.831373,0.000234,0.168346
ACGACTGGTCATACTC-1,0.000037,0.093741,0.146586,0.759636
ACGAGAACCCATCACG-1,0.000415,0.000415,0.002075,0.997095
ACGAGATATTTGCTTA-1,0.002703,0.002703,0.344123,0.65047
ACGAGGATACCACTCT-1,0.000025,0.000025,0.532449,0.467501
ACGAGGTTTACAACGT-1,0.000062,0.104554,0.061447,0.833937
ACGAGTACGGATGCCC-1,0.000095,0.000095,0.226865,0.772946
ACGAGTCGCCGGCGTT-1,0.003333,0.003334,0.016671,0.976661
ACGATACATAGAACTA-1,0.000476,0.000476,0.316206,0.682842
ACGATACCTATCCTGA-1,0.000133,0.009319,0.000665,0.989883
ACGATCATACATAGAG-1,0.000943,0.000944,0.004718,0.993394
ACGATCATCTTGTAAA-1,0.000019,0.004367,0.751051,0.244563
ACGATGCATATGTTAT-1,0.000075,0.000075,0.197617,0.802233
ACGATGGATCCGATGC-1,0.000138,0.000138,0.999308,0.000415
ACGCAAACTAATAGAT-1,0.000053,0.100348,0.193199,0.7064
ACGCAATCACTACAGC-1,0.000526,0.053116,0.002632,0.943726
ACGCATAAATGACATG-1,0.002942,0.002942,0.01471,0.979406
ACGCATACGTTTACTA-1,0.000226,0.098209,0.24933,0.652236
ACGCATTCGTGAGTAC-1,0.000095,0.000095,0.004252,0.995558
ACGCCACTCGAAACAG-1,0.000017,0.061258,0.049376,0.889349
ACGCCAGATGATTTCT-1,0.000474,0.000474,0.00237,0.996682
ACGCCAGTGCGTTTGC-1,0.000029,0.999742,0.000143,0.000086
ACGCCCAGCTGTCGAT-1,0.000182,0.000182,0.061666,0.937971
ACGCCGCTAGACGACC-1,0.000014,0.000014,0.930579,0.069393
ACGCCTGACACGCGCT-1,0.001333,0.001334,0.006669,0.990664
ACGCGAAGTCAGACGA-1,0.000026,0.054838,0.65335,0.291786
ACGCGCTACACAGGGT-1,0.000019,0.00382,0.813141,0.18302
ACGCGGGCCAAGGACA-1,0.000051,0.000051,0.110207,0.889691
ACGCGTTTCTTAAGAG-1,0.000125,0.000125,0.226852,0.772898
ACGCTACTGAATGGGC-1,0.000018,0.77084,0.077571,0.151571
ACGCTAGTATCAGTGC-1,0.000083,0.000083,0.933968,0.065866
ACGCTAGTGATACACT-1,0.000054,0.021439,0.59925,0.379257
ACGCTGTGAGGCGTAG-1,0.000057,0.000057,0.125414,0.874471
ACGCTTAGTGTCTCTC-1,0.000453,0.000453,0.002263,0.996832
ACGGAACACGAGTGCC-1,0.000017,0.999845,0.000086,0.000052
ACGGAATTTAGCAAAT-1,0.000355,0.066872,0.001774,0.931
ACGGACGCAGCGACAA-1,0.000025,0.015592,0.005701,0.978683
ACGGACTCTCAAAGCG-1,0.000356,0.235021,0.012543,0.75208
ACGGATGGTGCGGATA-1,0.000124,0.084366,0.351906,0.563604
ACGGCACTTGCTTGGG-1,0.000066,0.016738,0.281438,0.701758
ACGGCCAACATGGACT-1,0.000018,0.025839,0.654979,0.319164
ACGGCGACGATGGGAA-1,0.000015,0.001589,0.936062,0.062334
ACGGCGGGTTGCCCTG-1,0.002,0.002,0.010003,0.985996
ACGGCTGGATGTAGAA-1,0.000024,0.01391,0.356429,0.629637
ACGGGAGTGTCGGCCC-1,0.000025,0.000025,0.629428,0.370522
ACGGGCGTATGCGACA-1,0.000901,0.000901,0.004506,0.993692
ACGGGTCATGTGACTT-1,0.000276,0.000276,0.128657,0.87079
ACGGGTTGTGACCTGT-1,0.000107,0.026092,0.000535,0.973266
ACGGTCACCGAGAACA-1,0.000028,0.000028,0.141925,0.858019
ACGTACAGATTTCTCT-1,0.000356,0.018822,0.145713,0.835109
ACGTACTTTGGCACGG-1,0.000046,0.036813,0.000231,0.96291
ACGTAGATTGCTGATG-1,0.000081,0.000081,0.228995,0.770843
ACGTAGGAGAGTCGCT-1,0.000039,0.07193,0.331012,0.597019
ACGTATTACTCCGATC-1,0.000042,0.000042,0.643115,0.356801
ACGTCCTAAACGAGAT-1,0.00069,0.00069,0.003449,0.995171
ACGTCGGGCAACTCGG-1,0.000043,0.001566,0.000215,0.998176
ACGTCTCGTTCCGGGA-1,0.000039,0.024771,0.001092,0.974097
ACGTGACAAAGTAAGT-1,0.000021,0.519498,0.154069,0.326412
ACGTGCGCCTCGTGCA-1,0.000352,0.000352,0.154111,0.845184
ACGTGGTCGAATGTGC-1,0.000375,0.064006,0.001873,0.933746
ACGTTAATGTCGAAGA-1,0.000025,0.000025,0.815878,0.184072
ACGTTAGATTTGCCCG-1,0.000079,0.000079,0.350774,0.649069
ACGTTATTGGTCACTC-1,0.001124,0.001124,0.00562,0.992133
ACGTTCACTATGCCGC-1,0.000039,0.000039,0.040208,0.959713
ACGTTCCGCGCTCCGT-1,0.00069,0.00069,0.003449,0.995171
ACGTTCGCAATCAATT-1,0.000022,0.043777,0.613392,0.34281
ACGTTCGTTCAGGAAA-1,0.000012,0.861658,0.061635,0.076694
ACGTTCTGTACAAGTC-1,0.000132,0.158692,0.060181,0.780995
ACGTTGTCGTTGAAAG-1,0.000034,0.013649,0.00017,0.986147
ACGTTTAGTTGTGATC-1,0.000321,0.036613,0.104228,0.858838
ACGTTTCGGTGCACTT-1,0.000021,0.795373,0.072371,0.132236
ACTAAGGACGCACACC-1,0.001316,0.001316,0.006581,0.990787
ACTAATACGTCAGGCG-1,0.001064,0.001064,0.005321,0.992551
ACTACAAAGAGAGGTG-1,0.000044,0.000044,0.116337,0.883576
ACTACATCCCGACAAG-1,0.000026,0.024704,0.07867,0.896601
ACTACCAGCTCTCTGG-1,0.000556,0.000556,0.51369,0.485199
ACTACCATCCGAGGGC-1,0.000039,0.000039,0.000197,0.999724
ACTACGCGTTAGAATT-1,0.000019,0.535108,0.407094,0.057779
ACTAGTTGCGATCGTC-1,0.000062,0.020173,0.540852,0.438914
ACTATATGCTGTGTTC-1,0.00049,0.113224,0.637462,0.248824
ACTATCCAGGGCATGG-1,0.000021,0.012904,0.794055,0.19302
ACTATCGCCGGCTAAA-1,0.000121,0.111914,0.123107,0.764858
ACTATCTGCCCGCGTA-1,0.000267,0.000267,0.290343,0.709123
ACTATGTCCAGCTGCC-1,0.000061,0.007976,0.000307,0.991655
ACTATTCGTCCGTGGT-1,0.000424,0.055715,0.276182,0.667679
ACTATTTCCGGGCCCA-1,0.000027,0.590534,0.303721,0.105717
ACTCAACGAATGTATT-1,0.001493,0.001493,0.007465,0.98955
ACTCAAGTGCAAGGCT-1,0.000317,0.000318,0.14781,0.851555
ACTCAATAAAGGCACG-1,0.000262,0.000262,0.696401,0.303076
ACTCAGACCTGCTTCT-1,0.000131,0.000131,0.408453,0.591284
ACTCATGGCAGCCTTC-1,0.000043,0.000043,0.000215,0.999698
ACTCCAATATCATCAT-1,0.00007,0.032963,0.236944,0.730023
ACTCCCATTCCTAAAG-1,0.000022,0.007739,0.118782,0.873458
ACTCCCGAATTCGTTT-1,0.000027,0.015166,0.769645,0.215163
ACTCCCGTAGACTAGG-1,0.00137,0.00137,0.006852,0.990408
ACTCCCTAATGCTAAA-1,0.000061,0.000061,0.676118,0.323759
ACTCCCTAGAATAGTA-1,0.000038,0.04041,0.608065,0.351488
ACTCCGGCCGACCACT-1,0.00003,0.963764,0.000152,0.036053
ACTCGATGTATTTCAT-1,0.000633,0.000633,0.003165,0.995569
ACTCGCGATCTGACGC-1,0.000015,0.002972,0.930599,0.066415
ACTCGTAACCCGTCCT-1,0.000029,0.000029,0.2028,0.797143
ACTCGTCAGTAATCCC-1,0.000019,0.006003,0.984966,0.009012
ACTCTAAACCTGGGAT-1,0.000276,0.000276,0.001382,0.998066
ACTCTCTGACTTAGGT-1,0.000042,0.025427,0.893407,0.081123
ACTCTCTTATACACGA-1,0.000271,0.000271,0.285838,0.71362
ACTCTGACCTAATAGA-1,0.000046,0.755423,0.082815,0.161716
ACTCTTCAGCTCCCGC-1,0.00001,0.011195,0.980681,0.008113
ACTCTTGTATAGTAAC-1,0.000048,0.000048,0.641254,0.358651
ACTGAAACGCCGTTAG-1,0.000229,0.033081,0.084637,0.882053
ACTGAATGGCGAAAGT-1,0.00002,0.00002,0.839618,0.160342
ACTGATTTAGTGATTC-1,0.000599,0.000599,0.002995,0.995807
ACTGCCCGCCATTCTC-1,0.000067,0.047355,0.000333,0.952245
ACTGCCGTCGTAACTC-1,0.000066,0.046295,0.607721,0.345918
ACTGCGGACACACCGT-1,0.000022,0.003007,0.912585,0.084386
ACTGCTCGGAAGGATG-1,0.000014,0.772438,0.079451,0.148097
ACTGGCGAACCTGCGT-1,0.000901,0.000901,0.004506,0.993692
ACTGGGATGCCAGTGC-1,0.000048,0.000048,0.000242,0.999661
ACTGTACGATACACAT-1,0.000098,0.016185,0.348486,0.635231
ACTGTAGCACTTTGGA-1,0.00017,0.00017,0.487564,0.512096
ACTGTATACGCGAGCA-1,0.000658,0.000658,0.150327,0.848357
ACTGTCCAGGATTATA-1,0.000071,0.028408,0.29301,0.67851
ACTGTCTTCTTTAGAA-1,0.000092,0.000092,0.50976,0.490056
ACTGTGCTAGTAGATC-1,0.000549,0.00055,0.396323,0.602578
ACTGTTTAGTGTAGGC-1,0.001266,0.001266,0.006331,0.991137
ACTTACCGGGCGCGCA-1,0.000091,0.000091,0.84791,0.151907
ACTTACGCATCCACGC-1,0.000245,0.000245,0.204425,0.795086
ACTTAGTACGACAAGA-1,0.0004,0.10053,0.002001,0.89707
ACTTATACTTACCCGG-1,0.000027,0.000027,0.914137,0.085808
ACTTATCTGATCTATA-1,0.000614,0.000614,0.003068,0.995704
ACTTATTAGGATCGGT-1,0.000052,0.002303,0.48766,0.509985
ACTTATTTATGTGCCA-1,0.00003,0.037651,0.845354,0.116964
ACTTCAGGCTGATCCC-1,0.000047,0.010208,0.731362,0.258383
ACTTCCAGTGGAAGCT-1,0.000077,0.032676,0.094708,0.872539
ACTTCCATGCGGGACA-1,0.000325,0.000325,0.001624,0.997727
ACTTCCTGTCGTGCGA-1,0.001299,0.001299,0.006495,0.990907
ACTTCGCCATACGCAC-1,0.000356,0.000356,0.50669,0.492598
ACTTCGCTAGCGAGTG-1,0.000012,0.000012,0.880136,0.119839
ACTTGACTCCCTCTTT-1,0.000031,0.006672,0.97862,0.014676
ACTTGCCATATTGTAC-1,0.000658,0.000658,0.00329,0.995393
ACTTGCTCTATCTACC-1,0.000057,0.000057,0.538905,0.460981
ACTTGGGACCCGGTGG-1,0.000078,0.000078,0.179937,0.819907
ACTTGGGCTTTCGCCA-1,0.000273,0.000273,0.792427,0.207028
ACTTGTAGTCCCTTCA-1,0.000023,0.003081,0.879506,0.117389
ACTTGTGGATGGAACG-1,0.00013,0.035441,0.432607,0.531822
ACTTGTTACCGGATCA-1,0.000021,0.006456,0.342839,0.650684
ACTTTACCCTCATGAA-1,0.000015,0.001852,0.807601,0.190532
ACTTTATACACCACTT-1,0.000033,0.000033,0.243994,0.755939
ACTTTCCTATAGCTTC-1,0.000277,0.132679,0.001385,0.865658
ACTTTGACTGCATCCT-1,0.000065,0.000065,0.086428,0.913442
ACTTTGGTCGTGCTCC-1,0.000085,0.000085,0.009944,0.989887
ACTTTGTCGACGCACT-1,0.001075,0.001076,0.005378,0.992471
AGAAATTATGACTCGC-1,0.000195,0.075565,0.3201,0.604139
AGAACACGGCGATGGT-1,0.000025,0.002439,0.010267,0.98727
AGAACCCAGCGTGACA-1,0.000022,0.000022,0.687054,0.312902
AGAACCCTCAATTGGG-1,0.000034,0.055258,0.001235,0.943473
AGAACGTGGTACATTC-1,0.000781,0.000781,0.003907,0.99453
AGAACTGTACTTTGTA-1,0.000023,0.948989,0.02557,0.025417
AGAAGAGCGCCGTTCC-1,0.000463,0.000463,0.807536,0.191538
AGAAGGTACACTTCAC-1,0.000013,0.000795,0.762582,0.23661
AGAAGGTTGCCGAATT-1,0.000012,0.005537,0.970989,0.023462
AGAAGGTTGTAGGTCG-1,0.000073,0.789334,0.04458,0.166013
AGAAGTGATTCGTGAT-1,0.000037,0.000037,0.575195,0.42473
AGAATAAATCTTCAGG-1,0.000046,0.000046,0.320079,0.679828
AGAATACAGGCTATCC-1,0.000015,0.999868,0.000073,0.000044
AGAATGCGGGTTCGGA-1,0.000614,0.000614,0.003068,0.995704
AGAATTATGGATTCGA-1,0.00003,0.000828,0.736179,0.262963
AGAATTGTTTGACATA-1,0.00051,0.00051,0.002552,0.996428
AGACAGCTCAGAATCC-1,0.001449,0.00145,0.007249,0.989852
AGACAGGCATCTCAGC-1,0.00047,0.00047,0.503232,0.495828
AGACATAGATCCTTCC-1,0.00115,0.00115,0.005749,0.991952
AGACCAAACCACACCT-1,0.000018,0.009529,0.55134,0.439113
AGACCATGGGATACAA-1,0.000769,0.000769,0.003847,0.994614
AGACCCACCGCTGATC-1,0.000041,0.002447,0.519177,0.478335
AGACCCGCCCTCCTCG-1,0.000453,0.000453,0.002263,0.996832
AGACCGCTCCGCGGTT-1,0.000101,0.000101,0.568667,0.431132
AGACCGGGAAACCCTG-1,0.000034,0.004772,0.067992,0.927202
AGACGAAGTGCCGGTC-1,0.000026,0.025931,0.319292,0.654752
AGACGACGATGCCGCT-1,0.000028,0.001623,0.391056,0.607293
AGACGCCCACTTCGCC-1,0.000758,0.000758,0.083341,0.915144
AGACGGGATTGGTATA-1,0.000137,0.030887,0.356599,0.612377
AGACGGGCCGATTTAA-1,0.00036,0.165147,0.001799,0.832694
AGACTAGCCTTCCAGA-1,0.00018,0.000204,0.419716,0.579901
AGACTGTTACCGGGTC-1,0.000074,0.077442,0.151807,0.770677
AGAGAAACACCAGAAA-1,0.000024,0.036285,0.037463,0.926228
AGAGAACCGTCTAGGA-1,0.000154,0.094803,0.009785,0.895257
AGAGAAGGAGTACAAT-1,0.000024,0.486065,0.374409,0.139502
AGAGATCTCTAAAGCG-1,0.000036,0.004884,0.000182,0.994897
AGAGCAGTTATGAGAC-1,0.000136,0.399294,0.000678,0.599893
AGAGCCGCCGAGATTT-1,0.000403,0.116855,0.002017,0.880725
AGAGCGCTTGTAACGG-1,0.000113,0.000113,0.886812,0.112962
AGAGCGGGCTAATCAT-1,0.000096,0.000096,0.524673,0.475135
AGAGCGTACAAGCTCG-1,0.001064,0.001064,0.005321,0.992551
AGAGCTACGAAAGCAT-1,0.000391,0.065267,0.034473,0.89987
AGAGGCTTCGGAAACC-1,0.000027,0.000027,0.736573,0.263372
AGAGGGACAATTGTCC-1,0.002041,0.002041,0.010207,0.98571
AGAGGTATCTCGGTCC-1,0.000909,0.000909,0.004547,0.993635
AGAGTAAACTTCACTA-1,0.000028,0.020717,0.752467,0.226788
AGAGTATAGTGTTACG-1,0.000039,0.033381,0.711982,0.254598
AGAGTCTTAATGAAAG-1,0.000031,0.206182,0.460277,0.333511
AGAGTGAACAGACACC-1,0.000177,0.000177,0.879925,0.119721
AGAGTTAGAGACCGAT-1,0.000909,0.000909,0.004547,0.993635
AGAGTTGCAGGCCTCC-1,0.001389,0.001389,0.006946,0.990276
AGATAACTTCAGGGCC-1,0.000106,0.000106,0.397348,0.602441
AGATAATCACACCTAT-1,0.000034,0.018203,0.50319,0.478573
AGATACCAATAGAACC-1,0.000121,0.102454,0.277735,0.619691
AGATACCAGCACTTCA-1,0.000667,0.000667,0.003334,0.995332
AGATACCGGTGTTCAC-1,0.000017,0.01147,0.852933,0.135579
AGATACGACTTCATAT-1,0.000807,0.000807,0.004033,0.994353
AGATACTCAAGATCGA-1,0.000026,0.140547,0.655496,0.203931
AGATATAATACGACTA-1,0.000039,0.788629,0.039918,0.171414
AGATCGTGCATAAGAT-1,0.001124,0.001124,0.00562,0.992132
AGATCTCAGGTGTGAT-1,0.000113,0.088675,0.480842,0.43037
AGATCTGGAGAGGATA-1,0.000028,0.000028,0.044246,0.955699
AGATGACTCGCCCACG-1,0.000251,0.000251,0.376634,0.622863
AGATGAGGGTTGCGAT-1,0.001087,0.001087,0.005436,0.99239
AGATGATGGAGTCTGG-1,0.000019,0.014365,0.92504,0.060575
AGATGCAAGACGTGCA-1,0.000064,0.189083,0.038967,0.771886
AGATGCATCCTGTGTC-1,0.00003,0.023217,0.424402,0.552351
AGATGCTATAACGAGC-1,0.000408,0.000408,0.305378,0.693806
AGATTATAGGACGTTT-1,0.000045,0.018748,0.517098,0.464109
AGATTCAAGCGGGTCG-1,0.000345,0.000345,0.719685,0.279625
AGATTCACAACCGATA-1,0.000016,0.52863,0.268154,0.2032
AGCAAAGGCCGCTAGT-1,0.000334,0.118371,0.001673,0.879622
AGCAACATATCTTATT-1,0.000025,0.01412,0.756757,0.229097
AGCAACCGAAAGTAAT-1,0.000027,0.514428,0.181259,0.304287
AGCACACGTTTAGACT-1,0.000063,0.000064,0.064278,0.935595
AGCACCAGTACTCACG-1,0.000413,0.000413,0.002067,0.997107
AGCACTACCGGCCTGT-1,0.000145,0.000145,0.509726,0.489983
AGCACTACCTCACCAG-1,0.000045,0.000045,0.770442,0.229469
AGCACTTAAGGACGCC-1,0.000719,0.00072,0.003598,0.994963
AGCAGAAGGAGAAAGA-1,0.000027,0.68342,0.033644,0.282909
AGCAGCCAGATGAATA-1,0.000037,0.028422,0.321567,0.649974
AGCAGTCGAAGCATGC-1,0.000034,0.23769,0.12518,0.637096
AGCATATCAATATGCT-1,0.00005,0.00005,0.577796,0.422103
AGCATCATTTCGAAAG-1,0.000024,0.018915,0.401257,0.579804
AGCATCGTCGATAATT-1,0.000629,0.074132,0.003146,0.922093
AGCATTACGAGGCAAG-1,0.000145,0.436644,0.000724,0.562488
AGCCAAGCTTTGTGTC-1,0.000139,0.079496,0.000693,0.919673
AGCCACAGGTTACCCG-1,0.000225,0.162573,0.001124,0.836078
AGCCACTCCCGTGCTT-1,0.001515,0.181701,0.007578,0.809206
AGCCATATAGTATGTG-1,0.000122,0.135074,0.000609,0.864195
AGCCCATACATGTAAG-1,0.000023,0.002909,0.693182,0.303886
AGCCCGCAACAAGCAG-1,0.000037,0.022351,0.034954,0.942659
AGCCCGCACTACAATG-1,0.000014,0.985309,0.014095,0.000581
AGCCCGGCATTAGAGG-1,0.000025,0.029534,0.592181,0.378259
AGCCCGGTAGCCTGTA-1,0.00005,0.46123,0.06079,0.47793
AGCCCTAAGCGAAGTT-1,0.000123,0.000123,0.397816,0.601938
AGCCCTCCCTGGTGGC-1,0.000036,0.008739,0.098834,0.892392
AGCCCTGTCGCACCGT-1,0.000027,0.000027,0.788874,0.211073
AGCCCTTGGACATCCC-1,0.000429,0.000429,0.429581,0.56956
AGCCGCAAATTCAAAT-1,0.000033,0.000033,0.440897,0.559036
AGCCGCTTGATTAGCG-1,0.000334,0.029127,0.001673,0.968866
AGCCGTGGCTAAATGT-1,0.000018,0.008883,0.482599,0.508499
AGCCTAATACCCACGT-1,0.000017,0.000017,0.680275,0.319691
AGCCTTAAAGCGGAAG-1,0.000909,0.000909,0.004547,0.993635
AGCCTTGTCACTGATA-1,0.000097,0.000097,0.134119,0.865687
AGCGACAGGAACGGTC-1,0.000016,0.000251,0.819475,0.180258
AGCGACATCCCATTCA-1,0.000385,0.000385,0.558305,0.440925
AGCGACCAACGATATT-1,0.000061,0.000061,0.740075,0.259802
AGCGACTTTGAAGACA-1,0.000078,0.1268,0.439056,0.434066
AGCGAGACGTGAAGGC-1,0.000092,0.038278,0.127525,0.834106
AGCGATGCGCCTAATA-1,0.000172,0.166861,0.000861,0.832106
AGCGCATAATGAATCG-1,0.000042,0.036584,0.361833,0.60154
AGCGCGGGTGCCAATG-1,0.00137,0.00137,0.006852,0.990408
AGCGCTAGAGCGATGT-1,0.000018,0.003038,0.708098,0.288846
AGCGCTTATGGGCAAG-1,0.002857,0.002858,0.01429,0.979995
AGCGGACACTTCGTAG-1,0.000028,0.859602,0.07756,0.062811
AGCGGCGGTTAGCGGT-1,0.000025,0.013087,0.394881,0.592008
AGCGGGAAGGGTCCAT-1,0.001205,0.001205,0.006026,0.991564
AGCGGGTCTGACACTC-1,0.000101,0.227172,0.000506,0.772221
