Barcode,Topic 1,Topic 2,Topic 3,Topic 4,Topic 5,Topic 6to7,Topic 8,Topic 9,Topic 10
AAACAACGAATAGTTC-1,0.001493,0.001493,0.001493,0.001493,0.001493,0.002986,0.001493,0.106606,0.88145
AAACAAGTATCTCCCA-1,0.00003,0.025615,0.086932,0.145181,0.34122,0.251375,0.026545,0.04687,0.076232
AAACAATCTACTAGCA-1,0.002564,0.002565,0.002565,0.002565,0.002565,0.00513,0.002565,0.002565,0.976917
AAACACCAATAACTGC-1,0.000057,0.125485,0.000057,0.005153,0.066098,0.014149,0.177597,0.514509,0.096897
AAACAGAGCGACTCCT-1,0.001724,0.001725,0.001725,0.001725,0.001725,0.003449,0.563548,0.001725,0.422656
AAACAGCTTTCAGAAG-1,0.000041,0.000041,0.000041,0.000041,0.024813,0.061337,0.556451,0.163829,0.193406
AAACAGGGTCTATATT-1,0.00003,0.00003,0.00003,0.00003,0.048359,0.238763,0.245088,0.243203,0.224467
AAACAGTGTTCCTGGG-1,0.000019,0.000019,0.000019,0.286158,0.000795,0.015482,0.000019,0.697472,0.000019
AAACATGGTGAGAGGA-1,0.000028,0.007417,0.000516,0.007101,0.009973,0.029342,0.028033,0.644852,0.272738
AAACATTTCCCGGATT-1,0.000236,0.087498,0.000236,0.000236,0.000236,0.000473,0.000236,0.000236,0.910611
AAACCACTACACAGAT-1,0.00122,0.00122,0.00122,0.161686,0.00122,0.00244,0.00122,0.00122,0.828555
AAACCCGAACGAAATC-1,0.000014,0.000014,0.082789,0.09467,0.192305,0.502004,0.061326,0.042777,0.024099
AAACCGGAAATGTTAA-1,0.000169,0.024664,0.110389,0.031763,0.122976,0.103349,0.035449,0.000169,0.571072
AAACCGGGTAGGTACC-1,0.000024,0.000024,0.028015,0.026009,0.080014,0.328258,0.281171,0.138853,0.117631
AAACCGTTCGTCCAGG-1,0.000023,0.002201,0.032022,0.036208,0.295574,0.254909,0.235566,0.092942,0.050555
AAACCTAAGCAGCCGG-1,0.000027,0.920891,0.000027,0.006316,0.000027,0.005295,0.001019,0.000027,0.066368
AAACCTCATGAAGTTG-1,0.000024,0.004983,0.000172,0.054207,0.011926,0.270021,0.539915,0.046737,0.072015
AAACGAAGAACATACC-1,0.000807,0.000807,0.170963,0.000807,0.000807,0.095002,0.000807,0.000807,0.729195
AAACGAAGATGGAGTA-1,0.000032,0.006116,0.000032,0.232679,0.00008,0.011348,0.003432,0.683665,0.062615
AAACGACAGTCTTGCC-1,0.000389,0.000389,0.057975,0.000389,0.000389,0.000778,0.000389,0.000389,0.938911
AAACGAGACGGTTGAT-1,0.000027,0.000027,0.000804,0.066983,0.099605,0.567283,0.164352,0.052622,0.048298
AAACGCCCGAGATCGG-1,0.000671,0.000671,0.000671,0.000671,0.489242,0.001343,0.000671,0.481132,0.024927
AAACGCTGGGCACGAC-1,0.000016,0.925794,0.017838,0.001274,0.000016,0.000032,0.004376,0.000016,0.050639
AAACGGGCGTACGGGT-1,0.000155,0.235457,0.000155,0.000155,0.000155,0.00031,0.000155,0.000155,0.763304
AAACGGGTTGGTATCC-1,0.001124,0.001124,0.001124,0.001124,0.001124,0.002248,0.001124,0.001124,0.989885
AAACGGTTGCGAACTG-1,0.00007,0.030822,0.00007,0.00007,0.004731,0.00959,0.038849,0.590536,0.325263
AAACGTGTTCGCCCTA-1,0.000781,0.000781,0.000781,0.000781,0.000781,0.001563,0.000782,0.000781,0.992967
AAACTAACGTGGCGAC-1,0.000234,0.000234,0.000234,0.000234,0.051959,0.000467,0.000234,0.000234,0.946172
AAACTCGGTTCGCAAT-1,0.000128,0.413149,0.000128,0.000128,0.000128,0.000256,0.041647,0.307504,0.236933
AAACTCGTGATATAAG-1,0.000472,0.000472,0.379006,0.000472,0.000472,0.000944,0.168435,0.000472,0.449257
AAACTGCTGGCTCCAA-1,0.000015,0.000015,0.132218,0.061809,0.238186,0.303823,0.094581,0.073728,0.095624
AAACTTAATTGCACGC-1,0.000024,0.000024,0.000024,0.313078,0.000024,0.037631,0.000024,0.649148,0.000024
AAACTTGCAAACGTAT-1,0.000028,0.000121,0.00303,0.011774,0.026808,0.108319,0.616476,0.133798,0.099647
AAAGAATGACCTTAGA-1,0.000043,0.022554,0.000043,0.031935,0.000356,0.001301,0.352446,0.507719,0.083603
AAAGAATGTGGACTAA-1,0.000024,0.942021,0.009293,0.011616,0.006349,0.000449,0.000024,0.000024,0.030199
AAAGACATGAAGTTTA-1,0.000228,0.039462,0.000228,0.000228,0.091267,0.098014,0.052093,0.000228,0.71825
AAAGACCCAAGTCGCG-1,0.000309,0.000309,0.000309,0.000309,0.004208,0.16978,0.000309,0.0599,0.764568
AAAGACTGGGCGCTTT-1,0.000394,0.000394,0.000394,0.000394,0.287164,0.000788,0.000394,0.000394,0.709686
AAAGCTTGCCTACATA-1,0.000058,0.010197,0.000058,0.025978,0.040345,0.036747,0.405307,0.105281,0.376031
AAAGGCCCTATAATAC-1,0.000026,0.000026,0.000026,0.000026,0.014011,0.008157,0.07413,0.746644,0.156954
AAAGGCTACGGACCAT-1,0.00007,0.116552,0.023345,0.00007,0.000196,0.071048,0.090504,0.40725,0.290965
AAAGGCTCTCGCGCCG-1,0.000013,0.04329,0.483558,0.234386,0.025381,0.11503,0.07886,0.000013,0.019467
AAAGGGATGTAGCAAG-1,0.000292,0.071985,0.000292,0.000292,0.000292,0.000585,0.333491,0.091039,0.50173
AAAGGGCAGCTTGAAT-1,0.000503,0.066119,0.000503,0.000503,0.000503,0.001005,0.000503,0.000503,0.929859
AAAGGTAAGCTGTACC-1,0.000253,0.000253,0.063407,0.087426,0.226423,0.000505,0.000253,0.000253,0.621228
AAAGGTCAACGACATG-1,0.002703,0.002703,0.002703,0.002703,0.002703,0.005407,0.002703,0.234543,0.743831
AAAGTAGCATTGCTCA-1,0.000031,0.003751,0.020095,0.109337,0.118624,0.283421,0.434722,0.019023,0.010995
AAAGTCACTGATGTAA-1,0.000901,0.000901,0.000901,0.000901,0.000901,0.001802,0.000901,0.000901,0.99189
AAAGTCGACCCTCAGT-1,0.000063,0.000063,0.000101,0.003428,0.354363,0.081448,0.226182,0.108841,0.225512
AAAGTGCCATCAATTA-1,0.000571,0.084312,0.000572,0.000572,0.000572,0.001143,0.000572,0.000572,0.911115
AAAGTGTGATTTATCT-1,0.000027,0.003458,0.123567,0.183719,0.195829,0.257924,0.172666,0.05389,0.00892
AAAGTTGACTCCCGTA-1,0.000028,0.020141,0.002188,0.062586,0.046081,0.440199,0.235401,0.123843,0.069532
AAATAACCATACGGGA-1,0.000332,0.000332,0.000332,0.000332,0.316896,0.000665,0.000332,0.135447,0.54533
AAATAAGGTAGTGCCC-1,0.000019,0.009717,0.024124,0.0958,0.075546,0.327816,0.439423,0.022019,0.005535
AAATACCTATAAGCAT-1,0.000026,0.009359,0.407487,0.015926,0.140849,0.189957,0.062342,0.164505,0.009548
AAATAGCTTAGACTTT-1,0.000022,0.000022,0.077856,0.092652,0.388139,0.230513,0.105404,0.084722,0.020669
AAATAGGGTGCTATTG-1,0.000018,0.01007,0.029972,0.392846,0.102571,0.429222,0.000293,0.000105,0.034903
AAATCACTCCTAAACG-1,0.00164,0.175064,0.00164,0.00164,0.00164,0.00328,0.00164,0.00164,0.811818
AAATCCGATACACGCC-1,0.000098,0.101244,0.000098,0.132664,0.007799,0.085802,0.000098,0.000098,0.6721
AAATCGCGGAAGGAGT-1,0.000041,0.006273,0.000041,0.055744,0.00999,0.094277,0.040079,0.717246,0.07631
AAATCGTGTACCACAA-1,0.000019,0.01572,0.001693,0.134827,0.093098,0.474789,0.255306,0.018829,0.005719
AAATCTAGCCCTGCTA-1,0.000051,0.053284,0.000051,0.230965,0.038792,0.273237,0.184109,0.03335,0.186159
AAATCTGCCCGCGTCC-1,0.000056,0.011601,0.006897,0.014482,0.000056,0.000112,0.102494,0.780015,0.084288
AAATGACTGATCAAAC-1,0.000014,0.009789,0.00223,0.393997,0.003858,0.003415,0.000464,0.586218,0.000014
AAATGATTCGATCAGC-1,0.000402,0.078405,0.000402,0.000402,0.121821,0.000803,0.000402,0.065945,0.731419
AAATGCTCGTTACGTT-1,0.000568,0.000568,0.000568,0.000568,0.000568,0.001137,0.000568,0.000568,0.994885
AAATGGCATGTCTTGT-1,0.000426,0.000426,0.000426,0.000426,0.000426,0.000851,0.000426,0.205864,0.790731
AAATGGCCCGTGCCCT-1,0.000021,0.001761,0.000021,0.013429,0.179414,0.267262,0.366509,0.124176,0.047406
AAATGGTCAATGTGCC-1,0.000115,0.000115,0.000115,0.000115,0.000115,0.000229,0.374251,0.079795,0.545151
AAATGTATCTTATCCC-1,0.000102,0.036601,0.084476,0.000102,0.069816,0.000204,0.005166,0.136103,0.667429
AAATGTGGGTGCTCCT-1,0.000204,0.000204,0.178852,0.035133,0.141117,0.235359,0.000204,0.000204,0.408722
AAATTAACGGGTAGCT-1,0.00008,0.00008,0.00008,0.00008,0.032715,0.074486,0.468302,0.215935,0.208242
AAATTAATAAGCGCGA-1,0.000168,0.000168,0.000168,0.290402,0.022253,0.000336,0.000168,0.000401,0.685936
AAATTACACGACTCTG-1,0.000556,0.000556,0.000556,0.000556,0.23928,0.001111,0.000556,0.000556,0.756274
AAATTACCTATCGATG-1,0.000235,0.084393,0.000235,0.000235,0.000235,0.000471,0.169273,0.000235,0.744687
AAATTCCAGGTCCAAA-1,0.000011,0.000873,0.301728,0.129783,0.19609,0.318224,0.015929,0.012406,0.024955
AAATTGATAGTCCTTT-1,0.000038,0.03032,0.056588,0.118845,0.027478,0.280731,0.29819,0.12284,0.064969
AAATTGCGGCGGTTCT-1,0.000556,0.000556,0.000556,0.000556,0.000556,0.001111,0.000556,0.000556,0.994999
AAATTGGTGAGAAGCA-1,0.001449,0.00145,0.00145,0.00145,0.00145,0.002899,0.00145,0.00145,0.986953
AAATTTACCGAAATCC-1,0.000465,0.000465,0.000465,0.000465,0.000465,0.292343,0.000465,0.000465,0.704401
AAATTTGCGGGTGTGG-1,0.000028,0.000028,0.000028,0.000952,0.086359,0.492085,0.134079,0.207117,0.079323
AACAACTGGTAGTTGC-1,0.000433,0.000433,0.000433,0.000433,0.000433,0.000866,0.000433,0.058798,0.937738
AACAATACATTGTCGA-1,0.000037,0.53796,0.000037,0.009612,0.000037,0.000074,0.252112,0.007591,0.192541
AACAATTACTCTACGC-1,0.000602,0.000603,0.000603,0.000603,0.000603,0.183061,0.000603,0.000603,0.812722
AACACACGCTCGCCGC-1,0.000025,0.006441,0.132452,0.316581,0.145597,0.169796,0.014262,0.001479,0.213368
AACACGACTGTACTGA-1,0.000472,0.000472,0.000472,0.000472,0.256433,0.000944,0.000472,0.000472,0.739792
AACACGAGACGCGGCC-1,0.000017,0.000017,0.000017,0.001012,0.080384,0.442161,0.254259,0.132955,0.089177
AACACGCGGCCGCGAA-1,0.000538,0.000538,0.000538,0.000538,0.000538,0.001076,0.000538,0.000538,0.99516
AACAGCTGTGTGGCAA-1,0.000023,0.630314,0.000023,0.068663,0.023088,0.070475,0.023719,0.049689,0.134008
AACAGGAAATCGAATA-1,0.000281,0.000281,0.000281,0.000281,0.056431,0.000562,0.000281,0.110183,0.831419
AACAGGATGGGCCGCG-1,0.000368,0.000368,0.000368,0.000368,0.000368,0.000736,0.037472,0.321772,0.638182
AACAGGTAGTATGGAT-1,0.000014,0.001928,0.120263,0.32092,0.068501,0.417018,0.00631,0.021694,0.043352
AACATAGCGTGTATCG-1,0.000022,0.181466,0.000022,0.226808,0.001119,0.001682,0.006808,0.582051,0.000022
AACATATCAACTGGTG-1,0.00025,0.027737,0.00025,0.00025,0.00025,0.0005,0.327396,0.217753,0.425614
AACATCGATACGTCTA-1,0.000758,0.000758,0.000758,0.000758,0.000758,0.001516,0.000758,0.000758,0.99318
AACATTGAAGTTGATC-1,0.000047,0.006972,0.000047,0.000047,0.015137,0.053642,0.045447,0.811986,0.066675
AACATTGGTCAGCCGT-1,0.002273,0.002273,0.002273,0.002273,0.002273,0.004547,0.684481,0.002273,0.297332
AACATTGTGACTCGAG-1,0.00008,0.033732,0.00008,0.00008,0.021833,0.016257,0.028674,0.766549,0.132714
AACCAAGACTTCTCTG-1,0.00005,0.00005,0.00005,0.00005,0.005232,0.194031,0.062159,0.034822,0.703555
AACCAGTATCACTCTT-1,0.001,0.10982,0.001,0.001,0.001,0.002001,0.001,0.001,0.882178
AACCATAGGGTTGAAC-1,0.000039,0.00531,0.000039,0.000039,0.000039,0.007182,0.147352,0.747018,0.092983
AACCATGGGATCGCTA-1,0.000397,0.000397,0.000397,0.000397,0.000397,0.000794,0.000397,0.000397,0.996428
AACCCAGAGACGGAGA-1,0.000222,0.000222,0.000222,0.000222,0.000222,0.000444,0.000222,0.051267,0.946959
AACCCATCCCATGATC-1,0.000063,0.254874,0.000063,0.000063,0.000063,0.02293,0.365726,0.217684,0.138533
AACCCGACAACCCGTG-1,0.000032,0.000032,0.005517,0.000032,0.003324,0.000064,0.024437,0.884743,0.081819
AACCCGAGCAGAATCG-1,0.000307,0.09335,0.000307,0.000307,0.000307,0.000614,0.103006,0.043094,0.758709
AACCCGATAGGGCTTC-1,0.00115,0.00115,0.391502,0.00115,0.00115,0.0023,0.00115,0.00115,0.5993
AACCCGCTGTATTCCA-1,0.000018,0.008406,0.000018,0.115839,0.006749,0.031095,0.003582,0.834273,0.000018
AACCCTACTGTCAATA-1,0.000031,0.007127,0.058035,0.17341,0.076117,0.380527,0.144239,0.018847,0.141667
AACCCTGGTGGAACCA-1,0.000926,0.000926,0.000926,0.000926,0.000926,0.001852,0.000926,0.000926,0.991664
AACCGAGCTTGGTCAT-1,0.739762,0.000345,0.000345,0.000345,0.000345,0.00069,0.000345,0.254404,0.003419
AACCGCTAAGGGATGC-1,0.000029,0.039994,0.02792,0.188605,0.086324,0.334164,0.219458,0.080288,0.023218
AACCGTTGTGTTTGCT-1,0.000429,0.000429,0.000429,0.416024,0.000429,0.000859,0.000429,0.000429,0.580542
AACCTAAAGCCGTCCG-1,0.000135,0.000135,0.521912,0.025757,0.099777,0.00027,0.000135,0.000135,0.351746
AACCTCGCTTTAGCCC-1,0.000279,0.08769,0.000279,0.396359,0.000279,0.000557,0.000279,0.000279,0.514001
AACCTGTCACGGAATT-1,0.000017,0.000017,0.00221,0.194298,0.106909,0.681713,0.004999,0.008633,0.001204
AACCTTTAAATACGGT-1,0.000025,0.000025,0.748813,0.000025,0.010708,0.013931,0.031966,0.078389,0.116116
AACCTTTACGACGTCT-1,0.000535,0.000535,0.000535,0.000535,0.000535,0.00107,0.000535,0.040519,0.955201
AACGAAAGTCGTCCCA-1,0.000046,0.000046,0.000046,0.196719,0.000046,0.026683,0.000046,0.623021,0.153348
AACGACCTCCTAGCCG-1,0.000037,0.808353,0.000037,0.000037,0.000037,0.000075,0.000037,0.089261,0.102124
AACGATAATGCCGTAG-1,0.000043,0.032666,0.016238,0.016093,0.306664,0.201133,0.046624,0.074954,0.305586
AACGATAGAAGGGCCG-1,0.000217,0.000217,0.220675,0.000217,0.000217,0.000434,0.000217,0.079806,0.698001
AACGATATGTCAACTG-1,0.000104,0.019977,0.357743,0.369944,0.048353,0.000208,0.000104,0.000104,0.203463
AACGCATGATCTGGGT-1,0.001064,0.027643,0.001064,0.001064,0.001064,0.002128,0.001064,0.196253,0.768655
AACGCGAACGGCAACA-1,0.000658,0.000658,0.000658,0.000658,0.000658,0.001316,0.000658,0.000658,0.994077
AACGCGACCTTGGGCG-1,0.000042,0.000042,0.000042,0.021952,0.007399,0.070756,0.016487,0.814019,0.069259
AACGCGGTCTCCAGCC-1,0.000621,0.000621,0.000621,0.000621,0.000621,0.001243,0.000621,0.021778,0.973252
AACGCTGTTGCTGAAA-1,0.000054,0.002769,0.001193,0.454597,0.029,0.162201,0.000054,0.000054,0.350079
AACGGACGTACGTATA-1,0.000018,0.000018,0.053045,0.257202,0.175205,0.398371,0.012747,0.030272,0.073121
AACGGCCATCTCCGGT-1,0.000014,0.000014,0.001498,0.092796,0.076825,0.70686,0.079564,0.037901,0.004529
AACGTACTGTGGGTAC-1,0.000018,0.000948,0.00048,0.077285,0.199795,0.462908,0.073104,0.049162,0.1363
AACGTAGTCTACCCAT-1,0.003704,0.003705,0.003705,0.003705,0.003705,0.007409,0.003705,0.622233,0.34813
AACGTCAGACTAGTGG-1,0.000877,0.000877,0.000877,0.000877,0.000877,0.001755,0.000877,0.000877,0.992103
AACGTCATCCGGCTTG-1,0.000116,0.009388,0.000116,0.504482,0.000116,0.000233,0.000116,0.485316,0.000116
AACGTCGCTGCACTTC-1,0.000023,0.994432,0.000023,0.001943,0.000023,0.001034,0.000826,0.001672,0.000023
AACGTGATGAAGGACA-1,0.001053,0.001053,0.001053,0.001053,0.001053,0.002106,0.001053,0.166579,0.824998
AACGTGCGAAAGTCTC-1,0.000013,0.008913,0.031043,0.321804,0.034281,0.596686,0.006089,0.001156,0.000013
AACGTTATCAGCACCT-1,0.000508,0.000508,0.000508,0.000508,0.473927,0.001016,0.000508,0.000508,0.522011
AACGTTCTACCATTGT-1,0.000014,0.326706,0.004175,0.38036,0.000385,0.001872,0.018371,0.268103,0.000014
AACTACCCGTTTGTCA-1,0.000041,0.000041,0.007593,0.049045,0.053508,0.249861,0.280996,0.031652,0.327264
AACTAGCGTATCGCAC-1,0.000394,0.022714,0.000394,0.000394,0.000394,0.000788,0.000394,0.000394,0.974136
AACTAGGCTTGGGTGT-1,0.000057,0.018157,0.000057,0.017404,0.002303,0.493752,0.105842,0.107545,0.254882
AACTCAAGTTAATTGC-1,0.000037,0.000037,0.000037,0.000037,0.166431,0.222236,0.360828,0.077196,0.173162
AACTCCAGAGCGTGTT-1,0.000214,0.052373,0.000214,0.000214,0.000214,0.000428,0.000214,0.000214,0.945914
AACTCCTAATCCCATG-1,0.000658,0.000658,0.000658,0.000658,0.000658,0.001316,0.000658,0.01769,0.977046
AACTCGATAAACACGT-1,0.00115,0.00115,0.00115,0.00115,0.00115,0.002299,0.00115,0.00115,0.989652
AACTCGATGGCGCAGT-1,0.00087,0.039683,0.00087,0.00087,0.00087,0.00174,0.00087,0.00087,0.953359
AACTCTCAATAGAGCG-1,0.000044,0.011235,0.001282,0.036818,0.023427,0.5808,0.256664,0.08429,0.005441
AACTCTCAGTGTGCTC-1,0.000024,0.010246,0.017468,0.186762,0.125129,0.194839,0.309994,0.099095,0.056442
AACTGAGGTCAGCGTC-1,0.000263,0.000263,0.000263,0.000263,0.777605,0.000526,0.000263,0.000263,0.220289
AACTGAGTTATACTGA-1,0.000033,0.005338,0.161257,0.363176,0.033038,0.280734,0.001551,0.02148,0.133392
AACTGATATTAGGCCT-1,0.000052,0.000052,0.332208,0.132816,0.414843,0.00254,0.000052,0.000052,0.117386
AACTGGGTCCCGACGT-1,0.000971,0.000971,0.209973,0.000971,0.000971,0.001942,0.000971,0.053083,0.730146
AACTGGGTTCGAGCCG-1,0.001031,0.001031,0.001031,0.001031,0.001031,0.179177,0.001031,0.001031,0.813605
AACTGGTGTGGGCCTT-1,0.000588,0.000588,0.000588,0.000588,0.000588,0.001177,0.000588,0.000588,0.994705
AACTTCTGCGTCTATC-1,0.000395,0.000395,0.000395,0.000395,0.000395,0.000791,0.000395,0.000395,0.996442
AACTTGCCCGTATGCA-1,0.000935,0.000935,0.000935,0.000935,0.000935,0.00187,0.000935,0.053246,0.939275
AACTTGCGTTCTCGCG-1,0.000588,0.000588,0.000588,0.000588,0.000588,0.001177,0.000588,0.493462,0.501831
AACTTTACGGGAGCTT-1,0.000339,0.000339,0.000339,0.000339,0.000339,0.000678,0.000339,0.000339,0.996948
AACTTTAGCTGCTGAG-1,0.001075,0.001076,0.001076,0.001076,0.001076,0.002151,0.001076,0.001076,0.99032
AACTTTCTCGATCATG-1,0.000629,0.000629,0.069426,0.317832,0.000629,0.001258,0.000629,0.014637,0.59433
AAGAAAGTTTGATGGG-1,0.000044,0.012342,0.000044,0.000044,0.000044,0.000089,0.040629,0.776283,0.17048
AAGAAATCACCAGATT-1,0.000769,0.08664,0.000769,0.000769,0.000769,0.001539,0.000769,0.174748,0.733226
AAGAAGGATCAGTTAG-1,0.000261,0.222449,0.000261,0.000261,0.000261,0.000522,0.000261,0.037995,0.737728
AAGACATACGTGGTTT-1,0.000135,0.428623,0.000135,0.000135,0.000135,0.083742,0.000135,0.062927,0.424031
AAGACCAAATAACTCA-1,0.000013,0.000013,0.000013,0.385835,0.000013,0.012661,0.000013,0.601426,0.000013
AAGACCCAACTGAACA-1,0.000018,0.607385,0.028633,0.014454,0.028578,0.135863,0.010987,0.014193,0.15989
AAGACTAACCCGTTGT-1,0.000725,0.000725,0.000725,0.000725,0.000725,0.00145,0.335131,0.000725,0.659071
AAGACTCACGCCCACT-1,0.000105,0.000105,0.217811,0.081189,0.298738,0.079478,0.000105,0.019595,0.302873
AAGACTGCAAGCTACT-1,0.000023,0.006254,0.017395,0.030941,0.111705,0.670341,0.070203,0.061535,0.031602
AAGAGATGAATCGGTA-1,0.000153,0.000153,0.000153,0.000153,0.000153,0.000306,0.234036,0.169625,0.595268
AAGAGCTCTTTATCGG-1,0.000032,0.034136,0.007648,0.065913,0.152332,0.302591,0.349224,0.056048,0.032075
AAGAGGATGTACGCGA-1,0.000045,0.006973,0.000045,0.000045,0.000747,0.00009,0.744148,0.119838,0.12807
AAGAGGCATGGATCGC-1,0.000016,0.000016,0.076588,0.109458,0.3894,0.332024,0.074616,0.015747,0.002135
AAGAGGCCCTTTGGAA-1,0.000268,0.000268,0.003827,0.000268,0.000268,0.000536,0.000268,0.000268,0.994027
AAGATGGCACCGGACC-1,0.000021,0.644758,0.003979,0.074843,0.041163,0.0744,0.079515,0.047772,0.03355
AAGATTGGCGGAACGT-1,0.000493,0.000493,0.000493,0.000493,0.000493,0.000986,0.000493,0.070926,0.925132
AAGCACCCTGCGTATC-1,0.000216,0.000217,0.000217,0.286006,0.000217,0.301265,0.000217,0.000217,0.411431
AAGCATACTCTCCTGA-1,0.000037,0.017608,0.019575,0.032805,0.180085,0.138256,0.0354,0.077761,0.498472
AAGCCACTTGCAGGTA-1,0.000019,0.000019,0.000019,0.320047,0.000019,0.008201,0.000019,0.671636,0.000019
AAGCCGAAGCGGTTTA-1,0.000054,0.009422,0.037607,0.13672,0.07771,0.426458,0.07808,0.052396,0.181555
AAGCCGCCGTGAAATC-1,0.000023,0.010106,0.011557,0.041012,0.020033,0.019755,0.056632,0.780295,0.060586
AAGCCGCTTTACCTTG-1,0.000571,0.000572,0.000572,0.228853,0.000572,0.09671,0.000572,0.000572,0.671008
AAGCCGGAGAGCAGGA-1,0.000833,0.000834,0.000834,0.000834,0.000834,0.001667,0.000834,0.000834,0.992498
AAGCGCAGGGCTTTGA-1,0.000116,0.344574,0.000116,0.000116,0.000116,0.000233,0.067021,0.423417,0.16429
AAGCGGAGTGCGCGCA-1,0.001316,0.001316,0.001316,0.001316,0.001316,0.002632,0.001316,0.001316,0.988155
AAGCGGCGTCATGGGT-1,0.000474,0.000474,0.000474,0.000474,0.000474,0.000948,0.000474,0.000474,0.995733
AAGCGTCCCTCATCGA-1,0.000045,0.0419,0.023077,0.216246,0.149863,0.445175,0.014781,0.04188,0.067034
AAGCTAGATCGAGTAA-1,0.000015,0.032175,0.0144,0.174575,0.287789,0.395343,0.037301,0.031019,0.027383
AAGCTATGGATTGACC-1,0.000042,0.030672,0.000042,0.197684,0.003561,0.002923,0.016256,0.74878,0.000042
AAGCTCGTGCCAAGTC-1,0.000037,0.000037,0.04007,0.019106,0.169002,0.396853,0.192938,0.13525,0.046706
AAGCTCTTTCATGGTG-1,0.000161,0.091433,0.035099,0.000161,0.015391,0.138385,0.273014,0.000161,0.446195
AAGGAGAACTTATAAG-1,0.001177,0.001177,0.001177,0.001177,0.001177,0.002354,0.001177,0.001177,0.989409
AAGGAGCGGTTGGTGC-1,0.000352,0.000352,0.000352,0.000352,0.000352,0.000704,0.065631,0.181833,0.75007
AAGGATCGATCGCTTG-1,0.000025,0.006954,0.005384,0.072084,0.11581,0.580551,0.094124,0.085478,0.039591
AAGGATGAGGGACCTC-1,0.00027,0.050745,0.004856,0.260535,0.115946,0.020551,0.00027,0.00027,0.546558
AAGGCAGGCTGTCTCC-1,0.000011,0.001683,0.002207,0.386379,0.024409,0.585279,0.000011,0.000011,0.000011
AAGGCGCGTAAAGCTT-1,0.000361,0.000361,0.000361,0.000361,0.000361,0.097862,0.000361,0.014525,0.885446
AAGGCTGTGCTCATCG-1,0.000578,0.030511,0.000578,0.000578,0.000578,0.001156,0.000578,0.222514,0.742928
AAGGGAACGACTGGCT-1,0.000041,0.017925,0.000041,0.000041,0.025549,0.027033,0.134306,0.750683,0.044383
AAGGGACAGATTCTGT-1,0.00036,0.00036,0.045442,0.162426,0.00036,0.00072,0.00036,0.00036,0.789613
AAGGGACTATGCATTC-1,0.000049,0.080574,0.000049,0.269607,0.000049,0.004899,0.000049,0.589607,0.055119
AAGGGTTAGCCATGCG-1,0.000019,0.454165,0.000019,0.178397,0.000019,0.001821,0.076733,0.288809,0.000019
AAGGGTTTGATTTCAG-1,0.000085,0.023667,0.000085,0.000085,0.09974,0.022648,0.095549,0.604728,0.153411
AAGGTATCCTAATATA-1,0.000658,0.000658,0.000658,0.000658,0.120668,0.001316,0.000658,0.404946,0.46978
AAGGTGATAAACCAGC-1,0.000021,0.012938,0.047952,0.132003,0.175359,0.299517,0.153379,0.09474,0.084092
AAGTAAGCTTCCAAAC-1,0.00244,0.00244,0.00244,0.00244,0.00244,0.004879,0.00244,0.00244,0.978043
AAGTAGAAGACCGGGT-1,0.000529,0.000529,0.000529,0.000529,0.000529,0.001058,0.245664,0.022382,0.728249
AAGTAGTGACGCGAGG-1,0.000312,0.000312,0.000312,0.169794,0.059249,0.000623,0.000312,0.1733,0.595787
AAGTCAATTGTCGTCA-1,0.00001,0.002475,0.000631,0.702684,0.018738,0.272826,0.002617,0.00001,0.00001
AAGTCTAGTAGCTGCC-1,0.001124,0.001124,0.001124,0.001124,0.356192,0.002248,0.271882,0.001124,0.364059
AAGTCTTCTGTGGCCT-1,0.000021,0.000021,0.000021,0.000404,0.059435,0.622863,0.067757,0.127372,0.122105
AAGTGACGACCGAATT-1,0.000024,0.000024,0.043133,0.065397,0.140829,0.26748,0.269546,0.166186,0.047382
AAGTGAGTCGGGTTTA-1,0.000071,0.189773,0.000071,0.000071,0.000163,0.09115,0.183009,0.327374,0.208319
AAGTGCAAAGGTAGAC-1,0.000032,0.0002,0.487596,0.434112,0.053474,0.002454,0.000032,0.000032,0.022067
AAGTGCCTTGACTGTA-1,0.000016,0.000016,0.005193,0.372498,0.077879,0.494113,0.050082,0.000189,0.000016
AAGTGCGTTAGAATCT-1,0.000018,0.005399,0.182317,0.173209,0.158609,0.348073,0.079112,0.050509,0.002755
AAGTGCTTCTCTATTG-1,0.000036,0.04048,0.000036,0.07129,0.000036,0.000072,0.197246,0.657837,0.032967
AAGTGTTTGGAGACGG-1,0.000031,0.020469,0.083243,0.209645,0.368574,0.095549,0.013069,0.095671,0.113749
AAGTTCACTCCAAGCT-1,0.000148,0.080657,0.000148,0.018305,0.012194,0.376127,0.025422,0.06319,0.42381
AAGTTCGGCCAACAGG-1,0.000018,0.003145,0.000018,0.045905,0.165318,0.382282,0.282508,0.108736,0.012071
AAGTTGTGATGTTATA-1,0.000159,0.338504,0.000159,0.000159,0.000159,0.000318,0.072973,0.000159,0.587411
AAGTTTACTAATGGCA-1,0.002326,0.002326,0.002326,0.002326,0.002326,0.004652,0.002326,0.489192,0.492199
AAGTTTATGGGCCCAA-1,0.000119,0.167088,0.000119,0.000119,0.000119,0.000237,0.086534,0.528801,0.216865
AATAACAACGCTCGGC-1,0.000048,0.009188,0.000048,0.08484,0.000185,0.148521,0.467173,0.030501,0.259496
AATAACACTAGAACAA-1,0.000009,0.009889,0.01509,0.162364,0.098942,0.577468,0.063797,0.052623,0.019818
AATAACGTCGCGCCCA-1,0.000018,0.592911,0.010079,0.099617,0.000175,0.000042,0.095648,0.195962,0.00555
AATAAGTCCTCGAGAC-1,0.000056,0.000056,0.143457,0.043539,0.528772,0.018362,0.000056,0.000056,0.265645
AATAATCTTCGTATCG-1,0.000084,0.068613,0.000084,0.119209,0.032713,0.300633,0.035625,0.030332,0.412706
AATACAATGTTTCAGG-1,0.000222,0.000222,0.000222,0.426684,0.000222,0.007267,0.000222,0.095692,0.469246
AATACCGGAGGGCTGT-1,0.000041,0.009228,0.004633,0.013275,0.026081,0.03531,0.108985,0.640436,0.16201
AATACCTGATGTGAAC-1,0.000012,0.999892,0.000012,0.000012,0.000012,0.000024,0.000012,0.000012,0.000012
AATAGAACAGAGTGGC-1,0.000007,0.006601,0.004482,0.523164,0.030282,0.43054,0.00491,0.000007,0.000007
AATAGAATCTGTTTCA-1,0.000055,0.000055,0.002899,0.000055,0.006634,0.208408,0.512744,0.140538,0.128612
AATAGCAAGCCTCCTG-1,0.000926,0.000926,0.000926,0.000926,0.000926,0.001852,0.000926,0.06955,0.923041
AATAGCTACCGCGTGC-1,0.00137,0.00137,0.00137,0.00137,0.00137,0.002741,0.00137,0.00137,0.987668
AATAGGCACGACCCTT-1,0.000063,0.178206,0.000063,0.374023,0.000063,0.000127,0.045175,0.402215,0.000063
AATAGTCCGTCCCGAC-1,0.000034,0.000034,0.238561,0.087467,0.062946,0.257442,0.024322,0.015178,0.314016
AATAGTCGCGAGTCGG-1,0.000415,0.028752,0.000415,0.000415,0.000415,0.00083,0.000415,0.000415,0.967928
AATATCAAGGTCGGAT-1,0.000541,0.000541,0.000541,0.000541,0.000541,0.001081,0.000541,0.000541,0.995134
AATATCCTAGCAAACT-1,0.000017,0.012787,0.000017,0.012652,0.093486,0.411003,0.243046,0.102948,0.124045
AATATCGAATCAATGC-1,0.00006,0.026335,0.033115,0.065606,0.061231,0.472991,0.101694,0.129407,0.109561
AATATCGAGGGTTCTC-1,0.00015,0.177712,0.00015,0.00015,0.00015,0.044115,0.27639,0.131348,0.369835
AATATTGGAGTATTGA-1,0.00009,0.00009,0.00009,0.00009,0.00009,0.000179,0.773989,0.032877,0.192507
AATCAGACTGCAGGAC-1,0.000252,0.000252,0.134931,0.172166,0.068947,0.000504,0.000252,0.151957,0.470739
AATCAGGTTTCATTTA-1,0.000093,0.032054,0.000093,0.000093,0.000093,0.011874,0.101943,0.80986,0.043899
AATCATGTAAAGACTC-1,0.000077,0.031371,0.000077,0.245531,0.048227,0.022805,0.330266,0.000077,0.321569
AATCCAAGGGCCTGAG-1,0.000847,0.000848,0.000848,0.000848,0.000848,0.001696,0.000848,0.357678,0.635541
AATCCATGCAAGGGTG-1,0.001389,0.001389,0.001389,0.001389,0.001389,0.002778,0.001389,0.001389,0.987497
AATCCCGCTCAGAGCC-1,0.000025,0.004222,0.000025,0.300475,0.004194,0.003175,0.000025,0.687835,0.000025
AATCGAGGTCTCAAGG-1,0.000028,0.122234,0.000028,0.306819,0.000028,0.000057,0.000028,0.570747,0.000028
AATCGCCTCAGCGCCA-1,0.00002,0.005919,0.152692,0.171485,0.150544,0.182427,0.326484,0.010409,0.00002
AATCGCGCAGAGGACT-1,0.000016,0.002026,0.018812,0.317603,0.119621,0.501771,0.015162,0.019297,0.005692
AATCGGGACACTACGA-1,0.001961,0.001961,0.001961,0.001961,0.001961,0.003922,0.001962,0.001961,0.982349
AATCGGTATAGCCCTC-1,0.000022,0.998673,0.000022,0.001148,0.000022,0.000045,0.000022,0.000022,0.000022
AATCGTGAGCCGAGCA-1,0.000036,0.814831,0.000036,0.003894,0.000036,0.000241,0.001189,0.021649,0.158089
AATCTAGGTTTACTTG-1,0.000017,0.017832,0.007728,0.03644,0.072673,0.676578,0.062464,0.117738,0.008528
AATCTATGCCGGAGCC-1,0.000158,0.000159,0.000159,0.000159,0.029721,0.103535,0.187698,0.172179,0.506233
AATCTCTACTGTGGTT-1,0.000086,0.000086,0.000086,0.000086,0.000086,0.000173,0.473924,0.222078,0.303393
AATCTGCGTTGGGACG-1,0.000025,0.000025,0.000025,0.247666,0.007867,0.448356,0.292284,0.000479,0.003274
AATCTGGCTTTCTAGT-1,0.000011,0.0048,0.000011,0.061839,0.012003,0.821232,0.0538,0.037543,0.008761
AATCTGGGTAGACCCT-1,0.0008,0.0008,0.0008,0.0008,0.304605,0.032088,0.0008,0.297463,0.361843
AATGACAGCAATGTCT-1,0.000023,0.008089,0.045658,0.119538,0.152923,0.370943,0.174879,0.08499,0.042959
AATGACGTAGGATGTC-1,0.000022,0.002041,0.028589,0.20311,0.259285,0.296064,0.14904,0.024117,0.037732
AATGACTGTCAGCCGG-1,0.000099,0.006782,0.173432,0.014839,0.176501,0.000206,0.011654,0.085556,0.530931
AATGAGTTCGCATATG-1,0.000788,0.000788,0.000788,0.000788,0.000788,0.001575,0.000788,0.000788,0.992911
AATGATGATACGCTAT-1,0.001205,0.001205,0.001205,0.001205,0.001205,0.00241,0.39021,0.160851,0.440502
AATGATGCGACTCCTG-1,0.000735,0.000735,0.000735,0.000736,0.000736,0.001471,0.000736,0.000735,0.993381
AATGCAACCGGGTACC-1,0.000243,0.000243,0.000243,0.000243,0.000243,0.000487,0.000243,0.138417,0.859636
AATGCACCAAGCAATG-1,0.000191,0.000191,0.000191,0.000191,0.000191,0.148289,0.000191,0.024218,0.826348
AATGGCCGCCAATGCG-1,0.000568,0.000568,0.406466,0.000568,0.12335,0.001137,0.000568,0.000568,0.466206
AATGGTCCACCGTTCA-1,0.00013,0.00013,0.141159,0.263805,0.00013,0.101931,0.00013,0.020473,0.472114
AATGGTTCTCACAAGC-1,0.000263,0.000263,0.000263,0.000263,0.040145,0.047626,0.000263,0.040677,0.870236
AATGTATGGCACTGTA-1,0.000071,0.000071,0.000071,0.000071,0.000071,0.000142,0.063136,0.759092,0.177276
AATGTGCCCGAGGTGT-1,0.000054,0.077277,0.000054,0.15301,0.013248,0.036715,0.540336,0.083984,0.095323
AATGTGCTAATCTGAG-1,0.000031,0.011207,0.020666,0.181265,0.016083,0.07268,0.019449,0.644329,0.034291
AATGTTAAGACCCTGA-1,0.000023,0.148067,0.005616,0.045461,0.007464,0.023294,0.013578,0.74697,0.009525
AATGTTGTCGTGAGAC-1,0.000118,0.420351,0.000118,0.000118,0.000118,0.009323,0.000118,0.136554,0.433185
AATTAAAGGTCGGCGT-1,0.000046,0.000046,0.019072,0.000046,0.073055,0.146978,0.308274,0.319861,0.132623
AATTAACGGATTTCCA-1,0.000156,0.0607,0.02666,0.000156,0.037432,0.000583,0.147193,0.101281,0.625841
AATTACGAGACCCATC-1,0.000103,0.143721,0.000103,0.000103,0.000103,0.045365,0.052744,0.557263,0.200496
AATTACTCGTACGCTC-1,0.000807,0.000807,0.000807,0.000807,0.000807,0.001613,0.000807,0.000807,0.99274
AATTAGCGCTGCAGCG-1,0.000049,0.043437,0.010562,0.000049,0.040836,0.393547,0.235302,0.204444,0.071775
AATTATACCCAGCAAG-1,0.000026,0.2983,0.03578,0.104039,0.045431,0.018386,0.001606,0.487055,0.009376
AATTCATAAGGGATCT-1,0.00099,0.00099,0.00099,0.00099,0.00099,0.001981,0.580041,0.00099,0.412036
AATTCATTGTCATGCA-1,0.000085,0.000085,0.000085,0.000085,0.000085,0.005344,0.064323,0.843226,0.08668
AATTCCAACTTGGTGA-1,0.001191,0.001191,0.001191,0.001191,0.001191,0.002382,0.477792,0.001191,0.512682
AATTCCAAGCATGTAC-1,0.00006,0.001963,0.00644,0.00006,0.02069,0.0158,0.157901,0.71811,0.078975
AATTCGATTCGAGGAT-1,0.000069,0.582278,0.043626,0.000069,0.000069,0.000137,0.054498,0.002607,0.316647
AATTCTAGAGTTAGGC-1,0.000037,0.000037,0.008318,0.089261,0.256722,0.256282,0.24316,0.095866,0.050319
AATTGAACGCTCTGGT-1,0.000022,0.025696,0.126571,0.363661,0.050342,0.208445,0.008187,0.009222,0.207854
AATTGCAGCAATCGAC-1,0.000188,0.22097,0.000188,0.000188,0.000188,0.000377,0.03248,0.000188,0.745231
AATTGCGTGGATTACA-1,0.00005,0.00005,0.00005,0.152817,0.00005,0.003296,0.00005,0.836365,0.00727
AATTTGGGACATAGTA-1,0.000211,0.01693,0.000211,0.017614,0.331779,0.117353,0.000211,0.10384,0.41185
AATTTGGTTCCAAAGA-1,0.00012,0.00012,0.00012,0.00012,0.785923,0.00024,0.00012,0.00012,0.213116
ACAAACCATGCGTCCT-1,0.000014,0.000014,0.01181,0.125156,0.002173,0.035051,0.000014,0.821888,0.003879
ACAAACCGACAAGGCG-1,0.000169,0.000169,0.409123,0.082138,0.166541,0.024745,0.000169,0.000169,0.316779
ACAAACTCCATCAGAG-1,0.000024,0.001429,0.000024,0.165199,0.002039,0.008235,0.004319,0.818706,0.000024
ACAAAGAAGGTAGGCC-1,0.000024,0.000024,0.000024,0.000024,0.057592,0.152387,0.460852,0.200617,0.128455
ACAAAGCATGACCTAG-1,0.00012,0.093994,0.00012,0.00012,0.00012,0.00024,0.00012,0.003006,0.902158
ACAAATCGCACCGAAT-1,0.000026,0.007339,0.120869,0.126229,0.076019,0.237396,0.32358,0.055532,0.05301
ACAAATGGTAGTGTTT-1,0.000024,0.000024,0.000034,0.312908,0.071597,0.439072,0.01253,0.011042,0.152769
ACAAATTCAGATCTGA-1,0.000962,0.000962,0.000962,0.000962,0.000962,0.001924,0.000962,0.380356,0.611949
ACAACAGCATGAGCTA-1,0.000038,0.000038,0.000038,0.114321,0.030637,0.323109,0.324028,0.086817,0.120974
ACAACGGTCCCTGCGA-1,0.000345,0.09199,0.000345,0.000345,0.000345,0.00069,0.03107,0.000345,0.874525
ACAAGCAGTGCCTAGC-1,0.001493,0.131647,0.001493,0.001493,0.001493,0.002986,0.001493,0.001493,0.85641
ACAAGCTATATGGAAG-1,0.000054,0.032794,0.000054,0.035741,0.132788,0.190804,0.018587,0.106521,0.482656
ACAAGGAAATCCGCCC-1,0.000035,0.000035,0.002541,0.037659,0.178846,0.377746,0.136952,0.154804,0.111382
ACAAGGACAAGAGGTT-1,0.000161,0.009996,0.036919,0.157023,0.000161,0.041616,0.000161,0.05822,0.695742
ACAAGGATGCTTTAGG-1,0.000265,0.000265,0.000265,0.000265,0.000265,0.000531,0.000265,0.000265,0.997612
ACAAGGCCTACCAGCC-1,0.000302,0.078655,0.000302,0.000302,0.000302,0.000604,0.000302,0.000302,0.918927
ACAAGGGCAGGCTCTG-1,0.000038,0.007879,0.057728,0.003209,0.083043,0.246207,0.323663,0.139532,0.1387
ACAAGTAATTGTAAGG-1,0.000048,0.060047,0.000048,0.543083,0.000048,0.000096,0.000048,0.396535,0.000048
ACAATAGTCGTACGTT-1,0.00008,0.023518,0.006573,0.00008,0.035846,0.114305,0.427758,0.229719,0.162122
ACAATCCATTTAAACC-1,0.000048,0.000048,0.000048,0.000048,0.01574,0.318526,0.232963,0.179298,0.253281
ACAATCGATCTTTATA-1,0.000479,0.107612,0.000479,0.000479,0.486989,0.000957,0.000479,0.000479,0.402049
ACAATGAATACGGAGA-1,0.000018,0.594299,0.017766,0.022169,0.045915,0.201832,0.047385,0.055433,0.015183
ACAATGATTCTTCTAC-1,0.001205,0.001205,0.001205,0.001205,0.06318,0.00241,0.001205,0.001205,0.927179
ACAATTGTGTCTCTTT-1,0.000063,0.000064,0.026493,0.059626,0.024316,0.300696,0.27554,0.118492,0.19471
ACAATTTAGGAGGCTC-1,0.000259,0.000259,0.045526,0.000259,0.03749,0.000518,0.116083,0.182801,0.616805
ACAATTTGAGCAGTGG-1,0.000285,0.000285,0.081208,0.000285,0.043882,0.00057,0.190997,0.002556,0.679932
ACAATTTGGCCATATT-1,0.000034,0.014056,0.00893,0.186438,0.190788,0.378944,0.021026,0.067213,0.132571
ACACAAAGACGGGTGG-1,0.000077,0.000077,0.060571,0.417689,0.002818,0.030896,0.000077,0.000077,0.487717
ACACAAATATTCCTAG-1,0.000157,0.000157,0.034502,0.516912,0.000157,0.009618,0.000157,0.000157,0.438183
ACACACCAGGACCAGT-1,0.00002,0.024505,0.011575,0.406642,0.02719,0.120967,0.408476,0.000604,0.000022
ACACACTTTCTACACG-1,0.000229,0.070381,0.000229,0.014345,0.743223,0.000731,0.013012,0.06462,0.09323
ACACATGATCAAATCT-1,0.000041,0.140546,0.000041,0.000041,0.001275,0.067922,0.193073,0.45284,0.14422
ACACATTGACGCAACA-1,0.001613,0.001613,0.001613,0.001613,0.001613,0.003227,0.001613,0.065474,0.921619
ACACATTTCCGTAGAC-1,0.000062,0.051876,0.112646,0.000062,0.000062,0.000124,0.016573,0.765071,0.053524
ACACCACATAATTAGC-1,0.000019,0.008147,0.014253,0.139073,0.02475,0.206994,0.559416,0.032524,0.014822
ACACCCAGCATGCAGC-1,0.000249,0.000249,0.019486,0.000249,0.000249,0.000499,0.000249,0.000249,0.978518
ACACCCGAGAAATCCG-1,0.00032,0.00032,0.00032,0.00032,0.00032,0.000639,0.00032,0.00032,0.997124
ACACCCGTAAATCTGT-1,0.000585,0.000585,0.000585,0.000585,0.000585,0.165715,0.000585,0.174805,0.655971
ACACCGAGCGCTCTTT-1,0.000362,0.056646,0.09155,0.000362,0.000362,0.000725,0.059408,0.000362,0.790221
ACACCGGTCTGACCGC-1,0.000031,0.000031,0.000031,0.000031,0.000031,0.000061,0.103445,0.729342,0.166997
ACACCTTAAGTAGGGC-1,0.000163,0.117134,0.344356,0.043701,0.004375,0.000326,0.000163,0.000163,0.489618
ACACCTTACTACTTGC-1,0.000025,0.00764,0.162488,0.04708,0.192711,0.472091,0.031398,0.07694,0.009626
ACACGAGACTCCTTCT-1,0.000114,0.000114,0.000114,0.000114,0.138049,0.000228,0.243638,0.060567,0.55706
ACACGGCACTATGCAT-1,0.000136,0.000136,0.948673,0.000136,0.000577,0.000271,0.000136,0.000136,0.0498
ACACGGGAACTTAGGG-1,0.000441,0.000441,0.169138,0.000441,0.000441,0.000881,0.177197,0.18814,0.46288
ACACGTAGGCCACAAG-1,0.000338,0.099233,0.000338,0.000338,0.000338,0.000676,0.02445,0.000338,0.873952
ACACTCCAATGTCACT-1,0.000483,0.000483,0.000483,0.000483,0.424514,0.000966,0.000483,0.000483,0.57162
ACACTGATCAAGGTGT-1,0.000012,0.025395,0.014238,0.405383,0.065479,0.423822,0.04796,0.001307,0.016403
ACACTGGGACAGTCGT-1,0.00047,0.075714,0.00047,0.00047,0.00047,0.000939,0.00047,0.000525,0.920473
ACAGAACTGAGAACAA-1,0.000017,0.013787,0.035929,0.094849,0.071017,0.407753,0.29208,0.069915,0.014652
ACAGATTAGGTTAGTG-1,0.000885,0.086293,0.000885,0.000885,0.000885,0.295496,0.072437,0.000885,0.541349
ACAGCATAGAGCCAGT-1,0.000476,0.000476,0.011141,0.000476,0.259027,0.000953,0.000476,0.054749,0.672225
ACAGCGACATTCTCAT-1,0.00042,0.00042,0.00042,0.00042,0.00042,0.000841,0.00042,0.007286,0.989352
ACAGCGCACCCGCAGC-1,0.000503,0.000503,0.000503,0.000503,0.162214,0.001005,0.025782,0.000503,0.808485
ACAGGAGGCGCAGCCG-1,0.000254,0.000254,0.000254,0.000254,0.000254,0.000508,0.000254,0.075163,0.922806
ACAGGCTTGCCCGACT-1,0.000056,0.03155,0.159045,0.06658,0.068028,0.240196,0.030478,0.079105,0.324964
ACAGGTGGAGGTGAGG-1,0.000019,0.023867,0.046521,0.080595,0.142089,0.569883,0.060135,0.068802,0.008089
ACAGGTGTGTTGTTGC-1,0.000051,0.01144,0.000051,0.00521,0.080136,0.353161,0.08679,0.110227,0.352934
ACAGTAATACAACTTG-1,0.000042,0.000042,0.000042,0.008915,0.000042,0.449162,0.324161,0.127682,0.089912
ACAGTATACCGTGGGA-1,0.001613,0.001613,0.001613,0.001613,0.001613,0.003227,0.001613,0.001613,0.98548
ACAGTGCAGCGCATTT-1,0.001563,0.001563,0.001563,0.001563,0.001563,0.003126,0.001563,0.001563,0.985934
ACATAAGTCGTGGTGA-1,0.000069,0.031889,0.00007,0.007318,0.016453,0.170538,0.033684,0.665098,0.074881
ACATAATAAGGCGGTG-1,0.000515,0.000516,0.000516,0.000516,0.000516,0.001031,0.000516,0.000516,0.99536
ACATACAATCAAGCGG-1,0.000026,0.969238,0.000026,0.030553,0.000026,0.000052,0.000026,0.000026,0.000026
ACATCAGCTGGGACGC-1,0.000108,0.000108,0.282809,0.324455,0.018159,0.002178,0.000108,0.000108,0.371969
ACATCCCGGCCATACG-1,0.000031,0.023212,0.018547,0.16332,0.152156,0.358989,0.144853,0.064936,0.073956
ACATCCTGGTAACTGT-1,0.000021,0.000021,0.00759,0.266071,0.304722,0.352487,0.011013,0.04188,0.016194
ACATCGATCGTTTACC-1,0.000054,0.044969,0.008164,0.139111,0.132919,0.418003,0.094484,0.117243,0.045054
ACATCGCAATATTCGG-1,0.000057,0.113084,0.000057,0.480465,0.000057,0.000114,0.000057,0.406051,0.000057
ACATCGGTCAGCCGCG-1,0.000039,0.000039,0.000039,0.000039,0.084652,0.437957,0.195356,0.167853,0.114027
ACATCGTATGCAATGG-1,0.000045,0.000045,0.053901,0.004269,0.215694,0.355469,0.116109,0.151845,0.102623
ACATCGTTAACCTAGT-1,0.000893,0.000893,0.000893,0.000893,0.000893,0.001786,0.000893,0.215749,0.777106
ACATCTCAACGCGTAA-1,0.000201,0.000201,0.000201,0.000201,0.177804,0.000403,0.108972,0.015468,0.696548
ACATGCTTACGGCAGC-1,0.000024,0.000024,0.000945,0.255758,0.005742,0.006925,0.000024,0.716607,0.013952
ACATGGCGCCAAAGTA-1,0.000015,0.015444,0.016362,0.154152,0.120764,0.147866,0.504034,0.018955,0.02241
ACATGGCTCAATTTAG-1,0.000572,0.000572,0.306621,0.000572,0.000572,0.001143,0.000572,0.000572,0.688806
ACATTAGTTTATATCC-1,0.000039,0.026002,0.033004,0.144709,0.306395,0.276148,0.14724,0.066424,0.000039
ACATTCGCGCGGAATA-1,0.000036,0.000036,0.000036,0.014533,0.00968,0.021687,0.001735,0.947989,0.004268
ACATTTGAAACCTAAC-1,0.000011,0.999898,0.000011,0.000011,0.000011,0.000023,0.000011,0.000011,0.000011
ACCAAACACCCAGCGA-1,0.000295,0.000295,0.000295,0.070775,0.000295,0.00059,0.000295,0.141323,0.785836
ACCAAACTAGAAATCC-1,0.000314,0.000314,0.05451,0.000314,0.000314,0.11188,0.000314,0.000314,0.831728
ACCAACACCACACACT-1,0.000544,0.000544,0.000544,0.000544,0.11405,0.285256,0.000544,0.000544,0.597432
ACCAACCGCACTCCAC-1,0.000127,0.044553,0.009739,0.117485,0.000127,0.000254,0.000127,0.00013,0.827459
ACCAACGCTTATTTAT-1,0.000027,0.025444,0.139947,0.155539,0.256783,0.152357,0.096782,0.107331,0.065791
ACCAAGAACGCGTGTC-1,0.000089,0.04932,0.02617,0.000089,0.000103,0.000179,0.392756,0.002697,0.528596
ACCAAGTCATCGGCAG-1,0.000048,0.976789,0.000048,0.000048,0.003833,0.000095,0.000048,0.000048,0.019044
ACCAATATGCAAGTTA-1,0.000114,0.051411,0.013325,0.000114,0.025532,0.326923,0.029354,0.085201,0.468025
ACCACAACTCAGAACA-1,0.00099,0.00099,0.00099,0.00099,0.00099,0.001981,0.00099,0.000991,0.991087
ACCACAAGTTTCTATC-1,0.000251,0.045896,0.000251,0.165809,0.000251,0.000501,0.33906,0.113535,0.334447
ACCACACGGTTGATGG-1,0.000033,0.145645,0.000033,0.151755,0.000033,0.000067,0.000033,0.701885,0.000515
ACCACCAATGTAACAA-1,0.000016,0.017843,0.046549,0.09847,0.166388,0.377688,0.126234,0.116928,0.049883
ACCACCCTCTCTTCTA-1,0.000516,0.000516,0.000516,0.000516,0.000516,0.001031,0.393265,0.000516,0.60261
ACCACGTGCAGCTATA-1,0.000044,0.010129,0.022673,0.121322,0.237581,0.226238,0.230922,0.035675,0.115416
ACCACTGTTCAAGAAG-1,0.00009,0.00009,0.442605,0.259816,0.15841,0.011903,0.00009,0.00009,0.126906
ACCAGACCATAACAAC-1,0.00002,0.022822,0.00002,0.053293,0.014096,0.194556,0.086894,0.041327,0.586972
ACCAGCCCGGTCTTTG-1,0.000184,0.000184,0.259653,0.00335,0.000184,0.000368,0.000184,0.000184,0.73571
ACCAGGAGTGTGATCT-1,0.000439,0.000439,0.000439,0.188489,0.000439,0.000877,0.000439,0.000439,0.808001
ACCAGTGCCCGGTCAA-1,0.001282,0.001282,0.001282,0.001282,0.001282,0.002565,0.001282,0.501281,0.48846
ACCAGTGCGGGAGACG-1,0.000036,0.000036,0.002075,0.184592,0.289147,0.278272,0.083212,0.082898,0.079732
ACCATATCCGCAATAA-1,0.000025,0.025753,0.000025,0.097815,0.008754,0.104954,0.661337,0.056869,0.044468
ACCATCCGCCAACTAG-1,0.000017,0.01296,0.000017,0.066178,0.001534,0.538017,0.375814,0.00016,0.005302
ACCATCGTATATGGTA-1,0.000025,0.009227,0.010776,0.040583,0.018276,0.520646,0.307975,0.085133,0.007358
ACCATTAAGGGTGTCA-1,0.000952,0.000953,0.000953,0.000953,0.000953,0.001905,0.000953,0.000953,0.991426
ACCCAACGCCCGTGGC-1,0.000063,0.000063,0.000063,0.000063,0.001139,0.148536,0.166554,0.007337,0.676181
