Barcode,Topic 1,Topic 2,Topic 3to4,Topic 5to10
AAACAACGAATAGTTC-1,0.003031,0.00303,0.793002,0.200937
AAACAAGTATCTCCCA-1,0.000034,0.000034,0.004025,0.995908
AAACAATCTACTAGCA-1,0.125413,0.000412,0.817845,0.056331
AAACACCAATAACTGC-1,0.000935,0.000935,0.066222,0.931909
AAACAGAGCGACTCCT-1,0.000281,0.000281,0.153313,0.846125
AAACAGCTTTCAGAAG-1,0.00014,0.00014,0.718013,0.281706
AAACAGGGTCTATATT-1,0.000127,0.000127,0.072783,0.926962
AAACAGTGTTCCTGGG-1,0.029095,0.000111,0.000222,0.970572
AAACATGGTGAGAGGA-1,0.000106,0.000106,0.03365,0.966138
AAACATTTCCCGGATT-1,0.012854,0.000093,0.003443,0.983611
AAACCCGAACGAAATC-1,0.045433,0.000032,0.012065,0.94247
AAACCGGAAATGTTAA-1,0.000011,0.000011,0.023578,0.9764
AAACCGGGTAGGTACC-1,0.153253,0.000088,0.322582,0.524078
AAACCGTTCGTCCAGG-1,0.00006,0.00006,0.000119,0.999761
AAACCTAAGCAGCCGG-1,0.021266,0.00003,0.020247,0.958458
AAACCTCATGAAGTTG-1,0.000151,0.000151,0.745256,0.254441
AAACGAAGATGGAGTA-1,0.000084,0.000084,0.000169,0.999663
AAACGAGACGGTTGAT-1,0.001235,0.001235,0.200712,0.796819
AAACGGGCGTACGGGT-1,0.011281,0.000025,0.020827,0.967867
AAACGGGTTGGTATCC-1,0.0437,0.002273,0.940387,0.01364
AAACGGTTGCGAACTG-1,0.000093,0.000093,0.036566,0.963248
AAACTCGGTTCGCAAT-1,0.147138,0.00024,0.105395,0.747227
AAACTCGTGATATAAG-1,0.095966,0.001137,0.002273,0.900625
AAACTGCTGGCTCCAA-1,0.001042,0.001042,0.098502,0.899414
AAACTTAATTGCACGC-1,0.000667,0.000667,0.001334,0.997333
AAACTTGCAAACGTAT-1,0.000145,0.000145,0.068419,0.931291
AAAGAATGACCTTAGA-1,0.000214,0.000214,0.078807,0.920764
AAAGAATGTGGACTAA-1,0.000014,0.000014,0.006457,0.993515
AAAGACATGAAGTTTA-1,0.108002,0.000355,0.000709,0.890934
AAAGACCCAAGTCGCG-1,0.000051,0.000051,0.924803,0.075094
AAAGACTGGGCGCTTT-1,0.000137,0.000137,0.845026,0.1547
AAAGCTTGCCTACATA-1,0.000132,0.000132,0.125065,0.87467
AAAGGCCCTATAATAC-1,0.000294,0.000294,0.000588,0.998823
AAAGGCTACGGACCAT-1,0.18163,0.000292,0.038498,0.77958
AAAGGCTCTCGCGCCG-1,0.000337,0.000337,0.048299,0.951028
AAAGGGATGTAGCAAG-1,0.000047,0.000047,0.02556,0.974345
AAAGGGCAGCTTGAAT-1,0.000163,0.000163,0.736052,0.263621
AAAGGTAAGCTGTACC-1,0.027007,0.00037,0.578568,0.394055
AAAGTAGCATTGCTCA-1,0.000098,0.000098,0.000195,0.99961
AAAGTCGACCCTCAGT-1,0.000111,0.000111,0.856642,0.143135
AAAGTGCCATCAATTA-1,0.00004,0.00004,0.029746,0.970175
AAAGTGTGATTTATCT-1,0.000119,0.000119,0.000237,0.999525
AAAGTTGACTCCCGTA-1,0.00004,0.00004,0.056969,0.942951
AAATAACCATACGGGA-1,0.000388,0.000388,0.0294,0.969824
AAATAAGGTAGTGCCC-1,0.001471,0.001471,0.002942,0.994116
AAATACCTATAAGCAT-1,0.000274,0.000274,0.009127,0.990325
AAATAGCTTAGACTTT-1,0.000039,0.000039,0.006736,0.993185
AAATAGGGTGCTATTG-1,0.029831,0.000055,0.104912,0.865202
AAATCCGATACACGCC-1,0.003496,0.000034,0.000067,0.996403
AAATCGCGGAAGGAGT-1,0.000114,0.000114,0.071433,0.928338
AAATCGTGTACCACAA-1,0.000147,0.000147,0.023393,0.976313
AAATCTAGCCCTGCTA-1,0.000076,0.000076,0.000153,0.999695
AAATCTGCCCGCGTCC-1,0.0001,0.0001,0.000201,0.999599
AAATGATTCGATCAGC-1,0.190262,0.001755,0.098789,0.709194
AAATGCTCGTTACGTT-1,0.000218,0.000218,0.862193,0.13737
AAATGGCATGTCTTGT-1,0.000141,0.000141,0.306453,0.693264
AAATGGCCCGTGCCCT-1,0.000184,0.000184,0.247634,0.751997
AAATGGTCAATGTGCC-1,0.00025,0.00025,0.0005,0.999
AAATGTATCTTATCCC-1,0.000073,0.000073,0.532352,0.467502
AAATGTGGGTGCTCCT-1,0.134977,0.00011,0.634162,0.230751
AAATTAACGGGTAGCT-1,0.000901,0.000901,0.003095,0.995103
AAATTAATAAGCGCGA-1,0.000018,0.000018,0.179781,0.820183
AAATTACACGACTCTG-1,0.000107,0.000107,0.000215,0.999571
AAATTACCTATCGATG-1,0.179816,0.001515,0.130799,0.68787
AAATTCCAGGTCCAAA-1,0.000024,0.000024,0.018648,0.981304
AAATTGATAGTCCTTT-1,0.000075,0.000075,0.00015,0.999701
AAATTGCGGCGGTTCT-1,0.002704,0.002703,0.313946,0.680648
AAATTTACCGAAATCC-1,0.000258,0.000258,0.308772,0.690711
AAATTTGCGGGTGTGG-1,0.000163,0.000163,0.082447,0.917228
AACAACTGGTAGTTGC-1,0.052147,0.000165,0.423644,0.524043
AACAATACATTGTCGA-1,0.053898,0.000463,0.000926,0.944713
AACAATTACTCTACGC-1,0.000158,0.000157,0.839568,0.160117
AACACACGCTCGCCGC-1,0.000058,0.000058,0.000116,0.999769
AACACGACTGTACTGA-1,0.000051,0.000051,0.855377,0.14452
AACACGAGACGCGGCC-1,0.000098,0.000098,0.052943,0.946861
AACACGCGGCCGCGAA-1,0.175351,0.00125,0.276788,0.54661
AACAGCTGTGTGGCAA-1,0.002929,0.000145,0.070436,0.92649
AACAGGAAATCGAATA-1,0.033247,0.000082,0.28193,0.684741
AACAGGATGGGCCGCG-1,0.000181,0.000181,0.747358,0.25228
AACAGGTAGTATGGAT-1,0.00002,0.00002,0.000039,0.999921
AACATAGCGTGTATCG-1,0.000026,0.000026,0.000052,0.999896
AACATATCAACTGGTG-1,0.229095,0.00164,0.00328,0.765986
AACATTGAAGTTGATC-1,0.00008,0.00008,0.00016,0.99968
AACATTGGTCAGCCGT-1,0.321663,0.003704,0.244444,0.430188
AACATTGTGACTCGAG-1,0.00034,0.00034,0.00068,0.998639
AACCAAGACTTCTCTG-1,0.000154,0.000154,0.789924,0.209768
AACCAGTATCACTCTT-1,0.092554,0.001334,0.002667,0.903445
AACCATAGGGTTGAAC-1,0.000455,0.000455,0.032127,0.966964
AACCATGGGATCGCTA-1,0.000127,0.000127,0.810869,0.188876
AACCCAGAGACGGAGA-1,0.000071,0.000071,0.999061,0.000797
AACCCATCCCATGATC-1,0.000505,0.000505,0.115001,0.883989
AACCCGACAACCCGTG-1,0.000169,0.000169,0.041951,0.957711
AACCCGAGCAGAATCG-1,0.010912,0.000033,0.014458,0.974597
AACCCGCTGTATTCCA-1,0.022357,0.000093,0.082765,0.894785
AACCCTACTGTCAATA-1,0.000097,0.000097,0.120979,0.878828
AACCCTGGTGGAACCA-1,0.000044,0.000044,0.785122,0.21479
AACCGAGCTTGGTCAT-1,0.000094,0.000094,0.074291,0.925521
AACCGCTAAGGGATGC-1,0.000059,0.000059,0.000118,0.999764
AACCGTTGTGTTTGCT-1,0.000096,0.000096,0.941652,0.058156
AACCTAAAGCCGTCCG-1,0.000087,0.000087,0.673555,0.32627
AACCTCGCTTTAGCCC-1,0.000107,0.000107,0.000215,0.999571
AACCTGTCACGGAATT-1,0.000047,0.000047,0.011454,0.988452
AACCTTTAAATACGGT-1,0.134403,0.000459,0.165116,0.700022
AACCTTTACGACGTCT-1,0.002128,0.002128,0.198171,0.797573
AACGAAAGTCGTCCCA-1,0.000083,0.000083,0.001258,0.998576
AACGACCTCCTAGCCG-1,0.000069,0.000069,0.010181,0.98968
AACGATAATGCCGTAG-1,0.000377,0.000377,0.050128,0.949117
AACGATAGAAGGGCCG-1,0.000095,0.000095,0.855623,0.144186
AACGATATGTCAACTG-1,0.041351,0.00031,0.023984,0.934355
AACGCATGATCTGGGT-1,0.003705,0.003704,0.00741,0.985181
AACGCGAACGGCAACA-1,0.147653,0.001695,0.84048,0.010172
AACGCGACCTTGGGCG-1,0.000205,0.000205,0.083968,0.915621
AACGCGGTCTCCAGCC-1,0.039295,0.000208,0.095483,0.865014
AACGCTGTTGCTGAAA-1,0.000081,0.000081,0.000163,0.999674
AACGGACGTACGTATA-1,0.000033,0.000033,0.004359,0.995575
AACGGCCATCTCCGGT-1,0.022827,0.000217,0.000434,0.976522
AACGTACTGTGGGTAC-1,0.000184,0.000184,0.287761,0.711872
AACGTAGTCTACCCAT-1,0.114686,0.003847,0.490854,0.390613
AACGTCAGACTAGTGG-1,0.00017,0.00017,0.68351,0.316151
AACGTCGCTGCACTTC-1,0.000022,0.000022,0.000044,0.999913
AACGTGATGAAGGACA-1,0.000714,0.000714,0.109001,0.88957
AACGTGCGAAAGTCTC-1,0.1634,0.001667,0.003335,0.831599
AACTACCCGTTTGTCA-1,0.000079,0.000079,0.000158,0.999684
AACTAGCGTATCGCAC-1,0.036593,0.000595,0.480735,0.482077
AACTAGGCTTGGGTGT-1,0.108675,0.000463,0.217053,0.673809
AACTCAAGTTAATTGC-1,0.000065,0.000065,0.05659,0.943281
AACTCCAGAGCGTGTT-1,0.000128,0.000128,0.000256,0.999488
AACTCCTAATCCCATG-1,0.001853,0.001852,0.251968,0.744328
AACTCGATAAACACGT-1,0.002704,0.002703,0.38244,0.612153
AACTCGATGGCGCAGT-1,0.109699,0.000213,0.660213,0.229875
AACTCTCAATAGAGCG-1,0.000182,0.000182,0.000363,0.999274
AACTCTCAGTGTGCTC-1,0.000129,0.000129,0.041846,0.957896
AACTGATATTAGGCCT-1,0.000192,0.000192,0.416059,0.583556
AACTGGGTCCCGACGT-1,0.020962,0.000075,0.181534,0.79743
AACTGGGTTCGAGCCG-1,0.050535,0.000369,0.001219,0.947876
AACTGGTGTGGGCCTT-1,0.000095,0.000095,0.999237,0.000572
AACTTGCCCGTATGCA-1,0.00018,0.00018,0.74011,0.25953
AACTTGCGTTCTCGCG-1,0.000136,0.000136,0.90689,0.092838
AACTTTACGGGAGCTT-1,0.000052,0.000052,0.218439,0.781457
AACTTTAGCTGCTGAG-1,0.120668,0.000117,0.778381,0.100834
AAGAAAGTTTGATGGG-1,0.000072,0.000072,0.000143,0.999713
AAGAAGGATCAGTTAG-1,0.000115,0.000115,0.914368,0.085402
AAGACATACGTGGTTT-1,0.000035,0.000035,0.011021,0.988908
AAGACCAAATAACTCA-1,0.000048,0.000048,0.083731,0.916173
AAGACCCAACTGAACA-1,0.000072,0.000072,0.000144,0.999712
AAGACTAACCCGTTGT-1,0.00345,0.003448,0.349943,0.643159
AAGACTCACGCCCACT-1,0.000253,0.000253,0.142779,0.856716
AAGACTGCAAGCTACT-1,0.000521,0.000521,0.001042,0.997916
AAGAGATGAATCGGTA-1,0.030061,0.000177,0.813544,0.156218
AAGAGCTCTTTATCGG-1,0.038725,0.000146,0.000292,0.960838
AAGAGGATGTACGCGA-1,0.000256,0.000256,0.370957,0.62853
AAGAGGCATGGATCGC-1,0.001539,0.001539,0.003078,0.993844
AAGAGGCCCTTTGGAA-1,0.000128,0.000128,0.000256,0.999488
AAGATGGCACCGGACC-1,0.000244,0.000244,0.000488,0.999024
AAGATTGGCGGAACGT-1,0.002942,0.002941,0.628417,0.365699
AAGCACCCTGCGTATC-1,0.057343,0.00084,0.001681,0.940136
AAGCATACTCTCCTGA-1,0.076056,0.000204,0.085219,0.838521
AAGCCACTTGCAGGTA-1,0.000062,0.000062,0.050994,0.948882
AAGCCGAAGCGGTTTA-1,0.000032,0.000032,0.000063,0.999874
AAGCCGCCGTGAAATC-1,0.058874,0.000095,0.039281,0.901751
AAGCCGGAGAGCAGGA-1,0.000029,0.000029,0.000057,0.999885
AAGCGCAGGGCTTTGA-1,0.000094,0.000094,0.105513,0.894298
AAGCGGCGTCATGGGT-1,0.005001,0.005002,0.010002,0.979995
AAGCGTCCCTCATCGA-1,0.000093,0.000093,0.044535,0.955279
AAGCTAGATCGAGTAA-1,0.000447,0.000446,0.082819,0.916288
AAGCTCGTGCCAAGTC-1,0.000662,0.000662,0.055135,0.94354
AAGCTCTTTCATGGTG-1,0.000113,0.000113,0.000226,0.999548
AAGGAGAACTTATAAG-1,0.084678,0.000123,0.847088,0.068112
AAGGAGCGGTTGGTGC-1,0.000196,0.000196,0.079693,0.919915
AAGGATCGATCGCTTG-1,0.000061,0.000061,0.000122,0.999757
AAGGATGAGGGACCTC-1,0.153955,0.0025,0.33644,0.507105
AAGGCAGGCTGTCTCC-1,0.000049,0.000049,0.019222,0.980681
AAGGCGCGTAAAGCTT-1,0.021886,0.000136,0.650238,0.32774
AAGGCTGTGCTCATCG-1,0.000225,0.000225,0.127097,0.872452
AAGGGAACGACTGGCT-1,0.000117,0.000117,0.000233,0.999533
AAGGGACAGATTCTGT-1,0.002274,0.002273,0.004547,0.990907
AAGGGACTATGCATTC-1,0.000524,0.000524,0.001047,0.997905
AAGGGTTTGATTTCAG-1,0.000175,0.000175,0.171018,0.828631
AAGGTATCCTAATATA-1,0.00087,0.00087,0.048954,0.949307
AAGGTGATAAACCAGC-1,0.017018,0.000029,0.008804,0.974149
AAGTAAGCTTCCAAAC-1,0.228315,0.002041,0.415692,0.353953
AAGTAGAAGACCGGGT-1,0.000132,0.000132,0.804212,0.195524
AAGTAGTGACGCGAGG-1,0.078797,0.00015,0.666665,0.254388
AAGTCAATTGTCGTCA-1,0.000058,0.000058,0.008448,0.991437
AAGTCTTCTGTGGCCT-1,0.000179,0.000179,0.337497,0.662145
AAGTGACGACCGAATT-1,0.000191,0.00019,0.245467,0.754152
AAGTGAGTCGGGTTTA-1,0.000725,0.000725,0.044145,0.954406
AAGTGCAAAGGTAGAC-1,0.000211,0.000211,0.744926,0.254653
AAGTGCCTTGACTGTA-1,0.000648,0.000025,0.019212,0.980116
AAGTGCGTTAGAATCT-1,0.000122,0.000122,0.031274,0.968483
AAGTGCTTCTCTATTG-1,0.000186,0.000186,0.000373,0.999255
AAGTGTTTGGAGACGG-1,0.000131,0.000131,0.092644,0.907095
AAGTTCACTCCAAGCT-1,0.000073,0.000073,0.025416,0.974439
AAGTTCAGTCTGCGTA-1,0.183799,0.002174,0.004349,0.809678
AAGTTCGGCCAACAGG-1,0.064683,0.000259,0.000518,0.934539
AAGTTGTGATGTTATA-1,0.000035,0.000035,0.00007,0.999861
AAGTTTACTAATGGCA-1,0.00009,0.00009,0.801037,0.198783
AAGTTTATGGGCCCAA-1,0.062067,0.000113,0.127588,0.810232
AATAACAACGCTCGGC-1,0.000159,0.000159,0.731654,0.268028
AATAACACTAGAACAA-1,0.12372,0.000125,0.143228,0.732927
AATAAGTCCTCGAGAC-1,0.000037,0.000037,0.885093,0.114833
AATAATCTTCGTATCG-1,0.000013,0.000013,0.006065,0.99391
AATACAATGTTTCAGG-1,0.000253,0.000253,0.805683,0.193811
AATACCGGAGGGCTGT-1,0.101327,0.000255,0.055623,0.842795
AATACCTGATGTGAAC-1,0.000017,0.000017,0.007858,0.992107
AATAGAACAGAGTGGC-1,0.000049,0.000049,0.000097,0.999805
AATAGAATCTGTTTCA-1,0.000053,0.000053,0.000107,0.999787
AATAGCTACCGCGTGC-1,0.113196,0.001667,0.124184,0.760952
AATAGTCCGTCCCGAC-1,0.141936,0.000405,0.00081,0.856849
AATATCAAGGTCGGAT-1,0.001017,0.000142,0.99799,0.000851
AATATCCTAGCAAACT-1,0.000078,0.000078,0.535384,0.464459
AATATCGAATCAATGC-1,0.000034,0.000034,0.006721,0.993211
AATATCGAGGGTTCTC-1,0.232569,0.002565,0.061571,0.703295
AATATTGGAGTATTGA-1,0.000277,0.000277,0.831313,0.168133
AATCAGACTGCAGGAC-1,0.281309,0.004,0.567159,0.147531
AATCAGGTTTCATTTA-1,0.000441,0.000441,0.000881,0.998237
AATCATGTAAAGACTC-1,0.000066,0.000066,0.000132,0.999737
AATCCAAGGGCCTGAG-1,0.00009,0.00009,0.964397,0.035423
AATCCATGCAAGGGTG-1,0.227807,0.001613,0.566864,0.203715
AATCGCCTCAGCGCCA-1,0.084274,0.000386,0.176512,0.738829
AATCGCGCAGAGGACT-1,0.000045,0.000045,0.01223,0.98768
AATCGGTATAGCCCTC-1,0.000056,0.000056,0.029499,0.97039
AATCGTGAGCCGAGCA-1,0.000032,0.000032,0.00739,0.992546
AATCTAGGTTTACTTG-1,0.000368,0.000368,0.088885,0.91038
AATCTATGCCGGAGCC-1,0.002381,0.002381,0.004763,0.990475
AATCTCTACTGTGGTT-1,0.00029,0.00029,0.646187,0.353234
AATCTGCGTTGGGACG-1,0.232437,0.000236,0.060093,0.707234
AATCTGGCTTTCTAGT-1,0.000112,0.000112,0.051057,0.948719
AATCTGGGTAGACCCT-1,0.000162,0.000162,0.554767,0.444908
AATGACAGCAATGTCT-1,0.000211,0.000211,0.187752,0.811827
AATGACGTAGGATGTC-1,0.000827,0.000826,0.156202,0.842144
AATGACTGTCAGCCGG-1,0.00015,0.00015,0.67421,0.325489
AATGAGTTCGCATATG-1,0.000151,0.000151,0.815782,0.183915
AATGATGATACGCTAT-1,0.002703,0.002704,0.005407,0.989186
AATGATGCGACTCCTG-1,0.005265,0.005264,0.040829,0.948642
AATGCAACCGGGTACC-1,0.000127,0.000127,0.127086,0.87266
AATGCACCAAGCAATG-1,0.357234,0.002564,0.00513,0.635072
AATGGTCCACCGTTCA-1,0.000056,0.000056,0.988669,0.01122
AATGGTTCTCACAAGC-1,0.000157,0.000157,0.883951,0.115735
AATGTATGGCACTGTA-1,0.000138,0.000138,0.000277,0.999447
AATGTGCCCGAGGTGT-1,0.000426,0.000426,0.046082,0.953067
AATGTGCTAATCTGAG-1,0.001053,0.001053,0.002106,0.995788
AATGTTAAGACCCTGA-1,0.000017,0.000017,0.000034,0.999932
AATGTTGTCGTGAGAC-1,0.00004,0.00004,0.004606,0.995314
AATTAAAGGTCGGCGT-1,0.033433,0.000076,0.03062,0.935871
AATTAACGGATTTCCA-1,0.000154,0.000154,0.035659,0.964033
AATTACGAGACCCATC-1,0.000262,0.000262,0.000524,0.998953
AATTACTCGTACGCTC-1,0.092063,0.001724,0.784712,0.121501
AATTAGCGCTGCAGCG-1,0.000585,0.000585,0.00117,0.99766
AATTATACCCAGCAAG-1,0.000027,0.000027,0.010758,0.989187
AATTCATAAGGGATCT-1,0.177528,0.003334,0.322659,0.496479
AATTCATTGTCATGCA-1,0.0004,0.0004,0.076939,0.92226
AATTCCAACTTGGTGA-1,0.012275,0.002703,0.605832,0.379191
AATTCCAAGCATGTAC-1,0.000141,0.000141,0.052854,0.946863
AATTCGATTCGAGGAT-1,0.0826,0.000055,0.039359,0.877986
AATTCTAGAGTTAGGC-1,0.058498,0.000518,0.248794,0.69219
AATTGAACGCTCTGGT-1,0.000277,0.000277,0.000554,0.998892
AATTGCAGCAATCGAC-1,0.00003,0.00003,0.000059,0.999881
AATTGCGTGGATTACA-1,0.000326,0.000326,0.215635,0.783713
AATTGTGGTTGCCAAA-1,0.000036,0.000036,0.000072,0.999855
AATTTGGGACATAGTA-1,0.001924,0.001923,0.003847,0.992306
AATTTGGTTCCAAAGA-1,0.000097,0.000097,0.772758,0.227047
ACAAACCATGCGTCCT-1,0.000449,0.000448,0.000897,0.998206
ACAAACCGACAAGGCG-1,0.000061,0.000061,0.887061,0.112817
ACAAAGAAGGTAGGCC-1,0.000067,0.000067,0.760939,0.238928
ACAAAGCATGACCTAG-1,0.000036,0.000036,0.000851,0.999077
ACAAATCGCACCGAAT-1,0.032717,0.000037,0.0292,0.938046
ACAAATGGTAGTGTTT-1,0.000171,0.000171,0.000342,0.999316
ACAACAGCATGAGCTA-1,0.181618,0.000662,0.001325,0.816395
ACAACGGTCCCTGCGA-1,0.019232,0.000165,0.72191,0.258692
ACAAGCAGTGCCTAGC-1,0.000125,0.000125,0.598802,0.400948
ACAAGCTATATGGAAG-1,0.00002,0.00002,0.152731,0.847228
ACAAGGAAATCCGCCC-1,0.00087,0.00087,0.00174,0.996521
ACAAGGACAAGAGGTT-1,0.043892,0.000153,0.462313,0.493642
ACAAGGATGCTTTAGG-1,0.000063,0.000063,0.019284,0.98059
ACAAGGGCAGGCTCTG-1,0.194222,0.37324,0.001429,0.431109
ACAATAGTCGTACGTT-1,0.0274,0.000166,0.374671,0.597763
ACAATCCATTTAAACC-1,0.000137,0.000137,0.584331,0.415396
ACAATCGATCTTTATA-1,0.000091,0.000091,0.912861,0.086956
ACAATGAATACGGAGA-1,0.034158,0.000122,0.053699,0.912021
ACAATTGTGTCTCTTT-1,0.000053,0.000053,0.001347,0.998548
ACAATTTAGGAGGCTC-1,0.00007,0.00007,0.803153,0.196706
ACAATTTGAGCAGTGG-1,0.312744,0.003125,0.184915,0.499216
ACACAAAGACGGGTGG-1,0.000235,0.000235,0.1185,0.88103
ACACACCAGGACCAGT-1,0.000038,0.000038,0.000076,0.999848
ACACACTTTCTACACG-1,0.000168,0.000168,0.704611,0.295053
ACACATGATCAAATCT-1,0.147799,0.0008,0.0016,0.849801
ACACATTGACGCAACA-1,0.001031,0.001031,0.522531,0.475407
ACACATTTCCGTAGAC-1,0.105568,0.000137,0.036298,0.857997
ACACCACATAATTAGC-1,0.001042,0.001042,0.002084,0.995832
ACACCCAGCATGCAGC-1,0.016907,0.000259,0.321661,0.661172
ACACCCGAGAAATCCG-1,0.000054,0.000054,0.99957,0.000323
ACACCGAGCGCTCTTT-1,0.000183,0.000183,0.756838,0.242796
ACACCGGTCTGACCGC-1,0.000115,0.000115,0.000231,0.999538
ACACCTTAAGTAGGGC-1,0.000168,0.000168,0.371599,0.628065
ACACCTTACTACTTGC-1,0.000057,0.000057,0.000113,0.999774
ACACGAGACTCCTTCT-1,0.078814,0.001205,0.002411,0.91757
ACACGGCACTATGCAT-1,0.000056,0.000056,0.86684,0.133047
ACACGGGAACTTAGGG-1,0.000357,0.000357,0.000714,0.998571
ACACGTAGGCCACAAG-1,0.000071,0.000071,0.035471,0.964387
ACACTGATCAAGGTGT-1,0.039228,0.000197,0.000394,0.960181
ACACTGGGACAGTCGT-1,0.000095,0.000095,0.00019,0.999621
ACAGAACTGAGAACAA-1,0.020144,0.000062,0.016067,0.963727
ACAGCATAGAGCCAGT-1,0.000076,0.000076,0.999391,0.000456
ACAGCGACATTCTCAT-1,0.000087,0.000087,0.000175,0.99965
ACAGCGCACCCGCAGC-1,0.000113,0.000113,0.031819,0.967955
ACAGGAGGCGCAGCCG-1,0.140184,0.000437,0.729171,0.130208
ACAGGCACGGATCCTT-1,0.000057,0.000057,0.009771,0.990116
ACAGGCTTGCCCGACT-1,0.000057,0.000057,0.068958,0.930927
ACAGGTGGAGGTGAGG-1,0.044727,0.000167,0.000334,0.954772
ACAGGTGTGTTGTTGC-1,0.000032,0.000032,0.189549,0.810388
ACAGTAATACAACTTG-1,0.000124,0.000124,0.075178,0.924574
ACATAAGTCGTGGTGA-1,0.00015,0.00015,0.019984,0.979716
ACATAATAAGGCGGTG-1,0.096289,0.000228,0.499628,0.403854
ACATCAGCTGGGACGC-1,0.000145,0.000145,0.802751,0.19696
ACATCCCGGCCATACG-1,0.000981,0.00098,0.273907,0.724132
ACATCCTGGTAACTGT-1,0.082265,0.000061,0.000122,0.917551
ACATCGATCGTTTACC-1,0.106814,0.000709,0.001419,0.891058
ACATCGGTCAGCCGCG-1,0.000329,0.000329,0.246594,0.752748
ACATCGTATGCAATGG-1,0.000585,0.000585,0.00117,0.99766
ACATCGTTAACCTAGT-1,0.023966,0.000163,0.200193,0.775677
ACATCTCAACGCGTAA-1,0.00004,0.00004,0.889555,0.110365
ACATGCTTACGGCAGC-1,0.000166,0.000166,0.000332,0.999335
ACATGGCGCCAAAGTA-1,0.000045,0.000045,0.003286,0.996624
ACATGGCTCAATTTAG-1,0.003573,0.003572,0.007146,0.98571
ACATTAGTTTATATCC-1,0.000565,0.000565,0.143573,0.855297
ACATTCGCGCGGAATA-1,0.000083,0.000083,0.000166,0.999667
ACATTTGAAACCTAAC-1,0.000014,0.000014,0.000027,0.999945
ACCAACACCACACACT-1,0.001235,0.001235,0.088743,0.908787
ACCAACCGCACTCCAC-1,0.000039,0.000039,0.020889,0.979034
ACCAACGCTTATTTAT-1,0.02148,0.000377,0.041119,0.937024
ACCAAGAACGCGTGTC-1,0.000054,0.000054,0.999566,0.000325
ACCAAGTCATCGGCAG-1,0.000037,0.000037,0.000074,0.999851
ACCAATATGCAAGTTA-1,0.043428,0.000122,0.078969,0.877482
ACCACAACTCAGAACA-1,0.000096,0.000096,0.037628,0.962179
ACCACAAGTTTCTATC-1,0.000238,0.000238,0.094419,0.905105
ACCACACGGTTGATGG-1,0.000063,0.000063,0.030044,0.969829
ACCACCAATGTAACAA-1,0.019276,0.000021,0.000041,0.980662
ACCACGTGCAGCTATA-1,0.000453,0.000453,0.000905,0.99819
ACCACTGTTCAAGAAG-1,0.139814,0.001205,0.85175,0.007231
ACCAGACCATAACAAC-1,0.00013,0.00013,0.518801,0.480938
ACCAGCCCGGTCTTTG-1,0.000039,0.000039,0.983547,0.016374
ACCAGGAGTGTGATCT-1,0.000174,0.000174,0.746871,0.252781
ACCAGTGCGGGAGACG-1,0.000092,0.000092,0.000184,0.999632
ACCATATCCGCAATAA-1,0.000535,0.000535,0.00107,0.99786
ACCATCCGCCAACTAG-1,0.000156,0.000156,0.242832,0.756856
ACCATCGTATATGGTA-1,0.000199,0.000199,0.000398,0.999205
ACCATTAAGGGTGTCA-1,0.075086,0.000162,0.857249,0.067503
ACCCAACGCCCGTGGC-1,0.434558,0.000625,0.390293,0.174524
ACCCACCTACATGCTC-1,0.000171,0.000171,0.855288,0.14437
ACCCATCTTGAGGGTA-1,0.000289,0.000289,0.107804,0.891618
ACCCATTTGTCCCTCT-1,0.000098,0.000098,0.000196,0.999609
ACCCGAGCGAAATTAC-1,0.021379,0.000238,0.067076,0.911307
ACCCGATTGGTTCCGA-1,0.000166,0.000166,0.051802,0.947866
ACCCGGAAACTCCCAG-1,0.000123,0.000123,0.074119,0.925635
ACCCGGAGCACCACAA-1,0.000028,0.000028,0.011122,0.988823
ACCCGGATGACGCATC-1,0.00008,0.00008,0.058144,0.941697
ACCCGGTTACACTTCC-1,0.020883,0.000162,0.111519,0.867436
ACCCGTAGCAGAGAAT-1,0.000257,0.000257,0.000514,0.998971
ACCCGTAGTCTAGTTG-1,0.007348,0.000051,0.000102,0.9925
ACCCGTGTCATCAGTA-1,0.104032,0.000457,0.156009,0.739502
ACCCTATAGGACTGAG-1,0.000234,0.000234,0.832574,0.166957
ACCCTATGCCATATCG-1,0.000971,0.000971,0.102601,0.895457
ACCCTCCCGTCAGGGC-1,0.004406,0.000034,0.007438,0.988122
ACCCTCCCTTGCTATT-1,0.027416,0.000075,0.056751,0.915758
ACCCTGGTAACGCCCT-1,0.000042,0.000042,0.018545,0.981372
ACCCTTCATCTGCGAA-1,0.00011,0.00011,0.684656,0.315123
ACCCTTTAGTTCTCCA-1,0.000089,0.000089,0.13984,0.859982
ACCGAAGAGTCTGGTT-1,0.033899,0.000166,0.000332,0.965603
ACCGACACATCTCCCA-1,0.028441,0.000292,0.601024,0.370244
ACCGACTGAGTCCCAC-1,0.000184,0.000184,0.000368,0.999263
ACCGAGTCTCCTTATT-1,0.000043,0.000043,0.000087,0.999826
ACCGATAGGCATAACC-1,0.000027,0.000027,0.038755,0.961191
ACCGATATTTAATCAT-1,0.000014,0.000014,0.000028,0.999943
ACCGATGGTAGCATCG-1,0.000769,0.000769,0.001539,0.996922
ACCGCAATAACTGCCT-1,0.105834,0.000149,0.046253,0.847764
ACCGCGGTGGAAGTCG-1,0.000046,0.000046,0.014479,0.985428
ACCGCTAGTCATTGGT-1,0.000129,0.000129,0.000259,0.999482
ACCGGGCCTTTGTTGA-1,0.000035,0.000035,0.000069,0.999862
ACCGGTCAGGTACACC-1,0.00087,0.00087,0.00174,0.996521
ACCGTCCACTGGGCCC-1,0.000055,0.000055,0.182572,0.817317
ACCGTGACCACGTGGG-1,0.15245,0.00047,0.161867,0.685213
ACCTAAGTACCTTTCA-1,0.000299,0.000299,0.077603,0.921798
ACCTAATCGACTTCCT-1,0.000141,0.000141,0.829725,0.169993
ACCTACAGTATGTGGT-1,0.000074,0.000074,0.003975,0.995876
ACCTACTATAAATCTA-1,0.000078,0.000078,0.0743,0.925543
ACCTCCGCCCTCGCTG-1,0.000072,0.000072,0.020124,0.979731
ACCTCCGTTATTCACC-1,0.000079,0.000079,0.006871,0.992972
ACCTCGAACTTATGCT-1,0.000296,0.000296,0.000592,0.998816
ACCTGCGTGTCATGTT-1,0.080492,0.000239,0.058979,0.86029
ACCTTTCCTTTAGAAG-1,0.022141,0.00009,0.875258,0.102511
ACGAAATGGGCGGCAC-1,0.000129,0.000129,0.872304,0.127438
ACGACCCATGAGTTGC-1,0.000046,0.000046,0.000165,0.999744
ACGACTCTAGGGCCGA-1,0.000021,0.000021,0.000041,0.999917
ACGACTGGTCATACTC-1,0.014904,0.000153,0.162457,0.822486
ACGAGAACCCATCACG-1,0.18255,0.000412,0.544899,0.27214
ACGAGATATTTGCTTA-1,0.000193,0.000193,0.000387,0.999226
ACGAGGATACCACTCT-1,0.000412,0.000412,0.219626,0.779551
ACGAGGTTTACAACGT-1,0.000467,0.000467,0.000935,0.99813
ACGAGTACGGATGCCC-1,0.270569,0.002703,0.290677,0.436051
ACGAGTCGCCGGCGTT-1,0.002501,0.0025,0.700316,0.294683
ACGATACATAGAACTA-1,0.000538,0.000538,0.242042,0.756883
ACGATACCTATCCTGA-1,0.000038,0.000038,0.253444,0.746479
ACGATCATACATAGAG-1,0.00013,0.00013,0.000259,0.999482
ACGATCATCTTGTAAA-1,0.000037,0.000037,0.031147,0.968779
ACGATGCATATGTTAT-1,0.000138,0.000138,0.046706,0.953017
ACGATGGATCCGATGC-1,0.000105,0.000105,0.626888,0.372901
ACGCAAACTAATAGAT-1,0.045585,0.000078,0.042263,0.912074
ACGCAATCACTACAGC-1,0.294337,0.005001,0.010004,0.690659
ACGCATACGTTTACTA-1,0.005963,0.000065,0.033114,0.960858
ACGCATTCGTGAGTAC-1,0.022612,0.000277,0.074737,0.902374
ACGCCACTCGAAACAG-1,0.000051,0.000051,0.060522,0.939376
ACGCCAGATGATTTCT-1,0.000037,0.000037,0.000074,0.999853
ACGCCAGTGCGTTTGC-1,0.000038,0.000038,0.000075,0.99985
ACGCCCAGCTGTCGAT-1,0.000035,0.000035,0.999229,0.000701
ACGCCGCTAGACGACC-1,0.0674,0.000592,0.177137,0.754871
ACGCCTGACACGCGCT-1,0.16149,0.000725,0.652905,0.18488
ACGCGAAGTCAGACGA-1,0.000769,0.000769,0.001539,0.996922
ACGCGCTACACAGGGT-1,0.000211,0.000211,0.367436,0.632143
ACGCGGGCCAAGGACA-1,0.000617,0.000617,0.001235,0.99753
ACGCGTTTCTTAAGAG-1,0.000142,0.000142,0.669109,0.330607
ACGCTAGTGATACACT-1,0.000459,0.000459,0.291545,0.707538
ACGCTGTGAGGCGTAG-1,0.00018,0.00018,0.730438,0.269202
ACGCTTAGTGTCTCTC-1,0.000059,0.000059,0.053365,0.946517
ACGGAACACGAGTGCC-1,0.000039,0.000038,0.016613,0.98331
ACGGACGCAGCGACAA-1,0.063068,0.000106,0.05954,0.877285
ACGGACTCTCAAAGCG-1,0.021527,0.000079,0.000158,0.978237
ACGGAGCGCAAATTAC-1,0.171964,0.001887,0.147556,0.678593
ACGGATGGTGCGGATA-1,0.07652,0.000109,0.03667,0.8867
ACGGCACTTGCTTGGG-1,0.00115,0.00115,0.0023,0.995401
ACGGCCAACATGGACT-1,0.000603,0.000602,0.185573,0.813222
ACGGCGACGATGGGAA-1,0.000544,0.000544,0.035178,0.963735
ACGGCGGGTTGCCCTG-1,0.3698,0.000781,0.62473,0.004689
ACGGCTGGATGTAGAA-1,0.000198,0.000198,0.042844,0.956759
ACGGGAGTGTCGGCCC-1,0.000169,0.000169,0.089533,0.91013
ACGGGCGTATGCGACA-1,0.000121,0.000121,0.000242,0.999515
ACGGGTCATGTGACTT-1,0.000134,0.000134,0.792077,0.207654
ACGGGTTGTGACCTGT-1,0.000277,0.000277,0.000554,0.998892
ACGGTACAGTTCAATG-1,0.000026,0.000026,0.000053,0.999894
ACGGTCACCGAGAACA-1,0.000299,0.000299,0.044562,0.954839
ACGTACAGATTTCTCT-1,0.000087,0.000087,0.892633,0.107193
ACGTACTTTGGCACGG-1,0.000361,0.000361,0.023654,0.975624
ACGTAGATTGCTGATG-1,0.183905,0.000353,0.000707,0.815035
ACGTAGGAGAGTCGCT-1,0.00014,0.00014,0.062091,0.937629
ACGTATTACTCCGATC-1,0.000131,0.000131,0.080488,0.919251
ACGTCCTAAACGAGAT-1,0.022744,0.000071,0.76459,0.212596
ACGTCGGGCAACTCGG-1,0.000094,0.000094,0.032051,0.967762
ACGTCTCGTTCCGGGA-1,0.000162,0.000162,0.726959,0.272718
ACGTGACAAAGTAAGT-1,0.000105,0.000105,0.212558,0.787232
ACGTGCGCCTCGTGCA-1,0.000214,0.000214,0.367918,0.631654
ACGTGGTCGAATGTGC-1,0.000064,0.000064,0.857341,0.142531
ACGTTAATGTCGAAGA-1,0.001667,0.001667,0.003334,0.993332
ACGTTAGATTTGCCCG-1,0.000505,0.000505,0.00101,0.997979
ACGTTCACTATGCCGC-1,0.000054,0.000054,0.004362,0.995529
ACGTTCCGCGCTCCGT-1,0.000107,0.000107,0.822469,0.177317
ACGTTCGCAATCAATT-1,0.000066,0.000066,0.023579,0.976289
ACGTTCGTTCAGGAAA-1,0.000645,0.000645,0.046917,0.951792
ACGTTCTGTACAAGTC-1,0.000077,0.000077,0.000155,0.999691
ACGTTGTCGTTGAAAG-1,0.000069,0.000069,0.008428,0.991435
ACGTTTAGTTGTGATC-1,0.000167,0.000167,0.337791,0.661874
ACTAATACGTCAGGCG-1,0.001099,0.001099,0.148404,0.849398
ACTACAAAGAGAGGTG-1,0.000129,0.000129,0.018227,0.981515
ACTACATCCCGACAAG-1,0.000572,0.000571,0.001143,0.997714
ACTACCAGCTCTCTGG-1,0.003275,0.00019,0.52466,0.471875
ACTACCATCCGAGGGC-1,0.000102,0.000102,0.070481,0.929316
ACTACGCGTTAGAATT-1,0.000279,0.000279,0.157327,0.842116
ACTAGTTGCGATCGTC-1,0.000033,0.000033,0.005265,0.99467
ACTATATGCTGTGTTC-1,0.103755,0.000935,0.417067,0.478244
ACTATCCAGGGCATGG-1,0.000028,0.000028,0.009931,0.990013
ACTATCGCCGGCTAAA-1,0.095326,0.000087,0.853723,0.050864
ACTATCTGCCCGCGTA-1,0.000058,0.000058,0.000116,0.999769
ACTATGTCCAGCTGCC-1,0.000562,0.000562,0.001124,0.997752
ACTATTCGTCCGTGGT-1,0.000055,0.000055,0.061243,0.938647
ACTATTTCCGGGCCCA-1,0.000575,0.000575,0.129348,0.869503
ACTCAACGAATGTATT-1,0.000926,0.000926,0.608682,0.389466
ACTCAAGTGCAAGGCT-1,0.000033,0.000033,0.000067,0.999866
ACTCAATAAAGGCACG-1,0.000138,0.000138,0.037548,0.962176
ACTCAGACCTGCTTCT-1,0.019145,0.000216,0.957079,0.02356
ACTCATGGCAGCCTTC-1,0.000128,0.000128,0.000256,0.999488
ACTCCAATATCATCAT-1,0.000641,0.000641,0.099849,0.898869
ACTCCCATTCCTAAAG-1,0.000145,0.000145,0.354337,0.645372
ACTCCCGAATTCGTTT-1,0.022366,0.000036,0.000072,0.977525
ACTCCCTAATGCTAAA-1,0.01798,0.000287,0.013887,0.967846
ACTCCCTAGAATAGTA-1,0.000578,0.000578,0.054152,0.944691
ACTCCGGCCGACCACT-1,0.000033,0.000033,0.000066,0.999868
ACTCGCCGTTCGATAA-1,0.000037,0.000037,0.005685,0.994241
ACTCGTAACCCGTCCT-1,0.000262,0.000262,0.074457,0.92502
ACTCGTCAGTAATCCC-1,0.096095,0.000953,0.001905,0.901047
ACTCTAAACCTGGGAT-1,0.00005,0.00005,0.594763,0.405138
ACTCTCTGACTTAGGT-1,0.000944,0.000944,0.078419,0.919694
ACTCTCTTATACACGA-1,0.163346,0.00115,0.0023,0.833205
ACTCTGACCTAATAGA-1,0.00005,0.00005,0.000099,0.999801
ACTCTTCAGCTCCCGC-1,0.000091,0.000091,0.215206,0.784611
ACTCTTGTATAGTAAC-1,0.002327,0.002326,0.004652,0.990695
ACTGAAACGCCGTTAG-1,0.000043,0.000043,0.000086,0.999827
ACTGAATGGCGAAAGT-1,0.000062,0.000062,0.002553,0.997324
ACTGATTTAGTGATTC-1,0.000117,0.000117,0.303977,0.695788
ACTGCCCGCCATTCTC-1,0.084399,0.000183,0.000366,0.915052
ACTGCCGTCGTAACTC-1,0.000093,0.000093,0.075382,0.924433
ACTGCGGACACACCGT-1,0.041671,0.00008,0.017567,0.940682
ACTGCTCGGAAGGATG-1,0.000214,0.000214,0.000428,0.999143
ACTGGGATGCCAGTGC-1,0.000179,0.000179,0.19071,0.808932
ACTGTACGATACACAT-1,0.075293,0.001351,0.002703,0.920652
ACTGTAGCACTTTGGA-1,0.000171,0.000171,0.429312,0.570346
ACTGTATACGCGAGCA-1,0.000094,0.000094,0.463898,0.535913
ACTGTCCAGGATTATA-1,0.041907,0.000115,0.000231,0.957747
ACTGTCTTCTTTAGAA-1,0.000419,0.000418,0.000837,0.998326
ACTGTGCTAGTAGATC-1,0.000214,0.000214,0.92325,0.076322
ACTGTTTAGTGTAGGC-1,0.000092,0.000092,0.573479,0.426338
ACTTACCGGGCGCGCA-1,0.161421,0.002128,0.004256,0.832195
ACTTACGCATCCACGC-1,0.00018,0.00018,0.117685,0.881955
ACTTATACTTACCCGG-1,0.000621,0.000621,0.010507,0.988251
ACTTATCTGATCTATA-1,0.125596,0.001163,0.866263,0.006979
ACTTATTAGGATCGGT-1,0.000242,0.000242,0.327522,0.671993
ACTTATTTATGTGCCA-1,0.022946,0.000096,0.042653,0.934305
ACTTCAGGCTGATCCC-1,0.000127,0.000127,0.032518,0.967228
ACTTCCAGTGGAAGCT-1,0.057151,0.000165,0.049937,0.892747
ACTTCCATGCGGGACA-1,0.000038,0.000038,0.000076,0.999847
ACTTCGCCATACGCAC-1,0.073518,0.000316,0.000633,0.925532
ACTTGACTCCCTCTTT-1,0.001695,0.001695,0.234301,0.762308
ACTTGCCATATTGTAC-1,0.000186,0.000186,0.84713,0.152497
ACTTGCTCTATCTACC-1,0.000181,0.000181,0.110486,0.889152
ACTTGGGACCCGGTGG-1,0.008655,0.000154,0.058839,0.932353
ACTTGTAGTCCCTTCA-1,0.000186,0.000186,0.500582,0.499045
ACTTGTGGATGGAACG-1,0.000062,0.000062,0.017713,0.982162
ACTTGTTACCGGATCA-1,0.187379,0.00015,0.222329,0.590142
ACTTTACCCTCATGAA-1,0.03367,0.000085,0.055224,0.911021
ACTTTATACACCACTT-1,0.027294,0.00013,0.011168,0.961408
ACTTTCCTATAGCTTC-1,0.000318,0.000317,0.000635,0.99873
ACTTTGACTGCATCCT-1,0.000281,0.000281,0.697186,0.302252
ACTTTGGTCGTGCTCC-1,0.118126,0.000516,0.054151,0.827207
ACTTTGTCGACGCACT-1,0.000053,0.000053,0.000106,0.999789
AGAAATTATGACTCGC-1,0.000025,0.000025,0.054767,0.945182
AGAACACGGCGATGGT-1,0.000057,0.000057,0.030558,0.969329
AGAACCCTCAATTGGG-1,0.000182,0.000181,0.000363,0.999274
AGAACGTGGTACATTC-1,0.000181,0.000181,0.000362,0.999275
AGAACTGTACTTTGTA-1,0.00005,0.00005,0.015975,0.983925
AGAAGAGCGCCGTTCC-1,0.009092,0.009091,0.018186,0.963631
AGAAGGTACACTTCAC-1,0.000146,0.000146,0.120557,0.879151
AGAAGGTTGCCGAATT-1,0.042584,0.000056,0.044762,0.912598
AGAAGGTTGTAGGTCG-1,0.000212,0.000212,0.136118,0.863458
AGAAGTGATTCGTGAT-1,0.000152,0.000152,0.196552,0.803144
AGAATAAATCTTCAGG-1,0.000096,0.000096,0.466,0.533809
AGAATACAGGCTATCC-1,0.000044,0.000044,0.01393,0.985981
AGAATGCGGGTTCGGA-1,0.000303,0.000303,0.028399,0.970995
AGAATTATGGATTCGA-1,0.000306,0.000306,0.000612,0.998776
AGAATTGTTTGACATA-1,0.000117,0.000117,0.778005,0.22176
AGACAGGCATCTCAGC-1,0.000017,0.000017,0.007963,0.992002
AGACATAGATCCTTCC-1,0.00013,0.00013,0.899335,0.100404
AGACCAAACCACACCT-1,0.000073,0.000073,0.032873,0.966982
AGACCATGGGATACAA-1,0.000081,0.000081,0.73263,0.267209
AGACCCACCGCTGATC-1,0.000926,0.000926,0.001852,0.996295
AGACCCGCCCTCCTCG-1,0.030883,0.000188,0.20248,0.766449
AGACCGCTCCGCGGTT-1,0.000058,0.000058,0.000116,0.999767
AGACCGGGAAACCCTG-1,0.000153,0.000153,0.412211,0.587484
AGACGAAGTGCCGGTC-1,0.000066,0.000066,0.019041,0.980827
AGACGACGATGCCGCT-1,0.000349,0.000348,0.131909,0.867394
AGACGCCCACTTCGCC-1,0.000041,0.000041,0.000083,0.999835
AGACGGGATTGGTATA-1,0.00008,0.000079,0.782607,0.217234
AGACTAGCCTTCCAGA-1,0.000314,0.000314,0.000627,0.998746
AGACTGTTACCGGGTC-1,0.00072,0.000719,0.001439,0.997122
AGAGAAACACCAGAAA-1,0.028549,0.000251,0.000501,0.970699
AGAGAACCGTCTAGGA-1,0.000641,0.000641,0.116552,0.882166
AGAGAAGGAGTACAAT-1,0.000076,0.000076,0.004014,0.995833
AGAGATCTCTAAAGCG-1,0.000097,0.000097,0.742729,0.257077
AGAGCAGTTATGAGAC-1,0.000142,0.000142,0.764591,0.235125
AGAGCCGCCGAGATTT-1,0.000115,0.000115,0.000229,0.999542
AGAGCGGGCTAATCAT-1,0.086312,0.000177,0.255905,0.657606
AGAGCGTACAAGCTCG-1,0.000171,0.000171,0.859872,0.139787
AGAGCTACGAAAGCAT-1,0.002858,0.002857,0.405434,0.588851
AGAGGCTTCGGAAACC-1,0.000017,0.000017,0.000034,0.999933
AGAGGTATCTCGGTCC-1,0.000217,0.000216,0.776313,0.223254
AGAGTAAACTTCACTA-1,0.000038,0.000038,0.000077,0.999847
AGAGTATAGTGTTACG-1,0.00005,0.00005,0.000101,0.999798
AGAGTTAGAGACCGAT-1,0.001493,0.001493,0.002986,0.994029
AGATAACTTCAGGGCC-1,0.000082,0.000082,0.020956,0.97888
AGATACCAATAGAACC-1,0.000015,0.000015,0.003637,0.996332
AGATACCGGTGTTCAC-1,0.000316,0.000315,0.000631,0.998738
AGATACTCAAGATCGA-1,0.119921,0.000275,0.029837,0.849968
AGATATAATACGACTA-1,0.0943,0.000495,0.127498,0.777707
AGATCGTGCATAAGAT-1,0.002326,0.002326,0.148795,0.846553
AGATCTCAGGTGTGAT-1,0.000633,0.000633,0.093696,0.905038
AGATCTGGAGAGGATA-1,0.000085,0.000085,0.00017,0.999659
AGATGACTCGCCCACG-1,0.000178,0.000178,0.345546,0.654098
AGATGAGGGTTGCGAT-1,0.077071,0.001923,0.003847,0.917158
AGATGATGGAGTCTGG-1,0.000087,0.000087,0.08098,0.918845
AGATGCAAGACGTGCA-1,0.052781,0.000221,0.000443,0.946555
AGATGCATCCTGTGTC-1,0.000144,0.000143,0.407168,0.592545
AGATGCTATAACGAGC-1,0.00087,0.00087,0.5607,0.43756
AGATTATAGGACGTTT-1,0.000359,0.000358,0.000717,0.998566
AGATTCACAACCGATA-1,0.000177,0.000177,0.072956,0.92669
AGCAAAGGCCGCTAGT-1,0.000695,0.000695,0.241097,0.757514
AGCAACATATCTTATT-1,0.000068,0.000068,0.030084,0.969781
AGCAACCGAAAGTAAT-1,0.000741,0.000741,0.064803,0.933715
AGCACACGTTTAGACT-1,0.000277,0.000277,0.083257,0.916189
AGCACCAGTACTCACG-1,0.000373,0.000373,0.000746,0.998507
AGCACTACCGGCCTGT-1,0.00015,0.00015,0.854135,0.145564
AGCACTACCTCACCAG-1,0.006645,0.000052,0.084414,0.90889
AGCACTTAAGGACGCC-1,0.000168,0.000168,0.601461,0.398202
AGCAGAAGGAGAAAGA-1,0.144911,0.000094,0.185683,0.669312
AGCAGCCAGATGAATA-1,0.000301,0.000301,0.000603,0.998795
AGCAGTCGAAGCATGC-1,0.000027,0.000027,0.000054,0.999891
AGCATATCAATATGCT-1,0.000071,0.000071,0.000143,0.999715
AGCATCATTTCGAAAG-1,0.041854,0.000299,0.000599,0.957247
AGCATCGTCGATAATT-1,0.00022,0.00022,0.288257,0.711303
AGCATTACGAGGCAAG-1,0.000055,0.000055,0.011637,0.988252
AGCCAAGCTTTGTGTC-1,0.000459,0.000459,0.077748,0.921334
AGCCACAGGTTACCCG-1,0.000053,0.000053,0.000106,0.999788
AGCCACTCCCGTGCTT-1,0.002223,0.002222,0.004446,0.991109
AGCCATATAGTATGTG-1,0.000267,0.000267,0.1981,0.801366
AGCCCATACATGTAAG-1,0.029928,0.00014,0.545177,0.424755
AGCCCGCAACAAGCAG-1,0.015737,0.000111,0.180835,0.803317
AGCCCGCACTACAATG-1,0.000015,0.000015,0.00003,0.999939
AGCCCGGCATTAGAGG-1,0.000177,0.000177,0.000354,0.999292
AGCCCGGTAGCCTGTA-1,0.044085,0.000699,0.001399,0.953817
AGCCCTAAGCGAAGTT-1,0.000153,0.000153,0.319128,0.680565
AGCCCTCCCTGGTGGC-1,0.000553,0.000553,0.001105,0.99779
AGCCCTGTCGCACCGT-1,0.000028,0.000028,0.000057,0.999887
AGCCCTTCTAATCCGA-1,0.646608,0.000763,0.348047,0.004581
AGCCCTTGGACATCCC-1,0.000053,0.000053,0.000106,0.999788
AGCCGCAAATTCAAAT-1,0.000109,0.000109,0.383858,0.615924
AGCCGCTTGATTAGCG-1,0.047395,0.000373,0.696385,0.255847
AGCCGTGGCTAAATGT-1,0.00022,0.00022,0.192558,0.807002
AGCCTAATACCCACGT-1,0.000197,0.000197,0.139721,0.859885
AGCCTTGTCACTGATA-1,0.000242,0.000242,0.000484,0.999031
AGCGACAGGAACGGTC-1,0.05677,0.000641,0.001282,0.941306
AGCGACATCCCATTCA-1,0.031714,0.000217,0.624683,0.343385
AGCGACCAACGATATT-1,0.120697,0.000211,0.281968,0.597124
AGCGAGACGTGAAGGC-1,0.000037,0.000037,0.000074,0.999852
AGCGATGCGCCTAATA-1,0.00004,0.00004,0.000794,0.999127
AGCGCATAATGAATCG-1,0.000971,0.756318,0.001942,0.240769
AGCGCGGGTGCCAATG-1,0.002858,0.002858,0.005716,0.988568
AGCGCTAGAGCGATGT-1,0.000051,0.000051,0.001498,0.998401
AGCGCTTATGGGCAAG-1,0.253172,0.002382,0.004764,0.739683
AGCGGACACTTCGTAG-1,0.020201,0.000168,0.043915,0.935716
AGCGGCGGTTAGCGGT-1,0.02524,0.000158,0.031745,0.942857
AGCGGGAAGGGTCCAT-1,0.000088,0.000088,0.980534,0.01929
AGCGGGTCTGACACTC-1,0.106736,0.000211,0.020266,0.872788
AGCGGTTGAGATGTAC-1,0.000346,0.000346,0.048965,0.950343
AGCGTACGAGAGCTAG-1,0.00137,0.00137,0.704565,0.292695
AGCGTAGCGCTAGACC-1,0.143737,0.001852,0.16595,0.688462
AGCGTCTGAACCCGCA-1,0.120777,0.00102,0.421906,0.456297
AGCGTGGTATTCTACT-1,0.000834,0.000833,0.239007,0.759326
AGCGTTCCGATTTAAA-1,0.000153,0.000153,0.000306,0.999387
AGCTAACAAGCAATGT-1,0.000138,0.000138,0.000276,0.999449
AGCTAAGTACGCAGGC-1,0.000034,0.000034,0.000067,0.999866
AGCTAGAAGCAGAAGT-1,0.170298,0.003571,0.156145,0.669986
AGCTATTTAATCCAAC-1,0.000048,0.000048,0.000398,0.999507
AGCTCCATATATGTTC-1,0.000032,0.000032,0.000064,0.999872
AGCTCCTTCGCACATC-1,0.000066,0.000066,0.013644,0.986223
AGCTCTAGACGTTCCA-1,0.001493,0.001493,0.163445,0.83357
AGCTCTTCCCAGTGCA-1,0.00077,0.000769,0.245609,0.752852
AGCTCTTCGTAACCTT-1,0.000063,0.000063,0.000125,0.999749
AGCTCTTTACTCAGTT-1,0.000065,0.000065,0.000131,0.999738
AGCTGAAGTAAACCAA-1,0.001064,0.001064,0.002128,0.995744
AGCTGTAACCTCAATC-1,0.000794,0.000794,0.001588,0.996825
AGCTTATAGAGACCTG-1,0.000403,0.000403,0.582266,0.416927
AGCTTCAATACTTTGA-1,0.000072,0.000072,0.9241,0.075755
AGCTTCTTCTCGAGCA-1,0.000067,0.000067,0.002925,0.996941
AGCTTGATCAGGGTAG-1,0.000325,0.000325,0.00065,0.998701
AGCTTGATCTTAACTT-1,0.052581,0.000223,0.503567,0.443628
AGGAAAGCCTCTGATG-1,0.005558,0.005556,0.011115,0.977771
AGGAACGAACGACTTC-1,0.000041,0.000041,0.01881,0.981108
AGGAAGCTGTCCGCCG-1,0.075584,0.000314,0.1143,0.809802
AGGACAGTCGAATCCC-1,0.026945,0.000193,0.07555,0.897312
AGGACATCGCACGTCG-1,0.000061,0.000061,0.950339,0.049539
AGGACATCGGCACACT-1,0.000115,0.000115,0.028264,0.971507
AGGACGACCCATTAGA-1,0.000179,0.000179,0.115117,0.884525
AGGACGCTCGATGTTG-1,0.083408,0.002943,0.005884,0.907765
AGGACTTATAGGAGAA-1,0.067766,0.000163,0.792528,0.139543
AGGAGGCCTTCGCGCG-1,0.000069,0.000069,0.005797,0.994066
AGGATAAAGTCGGGAT-1,0.034197,0.000483,0.167741,0.797579
AGGATATAGGGATTTA-1,0.000126,0.000126,0.013227,0.986522
AGGATATCCGACTGCA-1,0.00004,0.00004,0.030015,0.969905
AGGATCACGCGATCTG-1,0.000192,0.000192,0.053418,0.946198
AGGATTGCTTACGACA-1,0.001786,0.001786,0.003573,0.992855
AGGCAAAGAGGAATCA-1,0.00137,0.00137,0.69612,0.30114
AGGCAATACGGAGGAC-1,0.186145,0.001724,0.677916,0.134214
AGGCACGTGACTGTCC-1,0.000056,0.000056,0.011222,0.988666
AGGCAGATGCGTAAAC-1,0.157395,0.001724,0.451114,0.389767
AGGCAGGGAGCGTACT-1,0.000366,0.000366,0.062974,0.936294
AGGCATTGTCGTAGGG-1,0.00009,0.00009,0.011006,0.988815
AGGCCACATTGGTTAC-1,0.000038,0.000038,0.007369,0.992554
AGGCCACCCGTTATGA-1,0.000182,0.000182,0.412166,0.58747
AGGCCCAGTGACTGGT-1,0.151054,0.001961,0.361933,0.485051
AGGCCCATTGTACAGG-1,0.000126,0.000125,0.935047,0.064702
AGGCCCTAGAACGCCA-1,0.000114,0.000114,0.223794,0.775979
AGGCCTATCATACCAA-1,0.07218,0.000146,0.082178,0.845496
AGGCCTGAGAATCTCG-1,0.000091,0.000091,0.004218,0.995601
AGGCGATAACTGGCGT-1,0.000029,0.000029,0.033917,0.966026
AGGCGGTTTGTCCCGC-1,0.001786,0.001786,0.003572,0.992855
AGGCGTCTATGGACGG-1,0.000167,0.000167,0.000335,0.999331
AGGCTATGGTTAGCTT-1,0.000158,0.000158,0.834594,0.16509
AGGCTTCCCGAAGAAG-1,0.000093,0.000093,0.030689,0.969124
AGGCTTGCTAGACACC-1,0.000243,0.000243,0.757061,0.242453
AGGGAAACGAGGTACT-1,0.041756,0.00041,0.097653,0.860181
AGGGACAGCACGGCGG-1,0.091764,0.000909,0.681309,0.226018
AGGGACCGGCTGCGTT-1,0.000059,0.000059,0.000117,0.999765
AGGGACTCTACGCGAC-1,0.000169,0.000169,0.431302,0.568359
AGGGAGACATACTTCG-1,0.001695,0.001695,0.238762,0.757848
AGGGCAGCGGCGTGGT-1,0.000098,0.000098,0.646554,0.353249
AGGGCCCTAATGTTCT-1,0.000054,0.000054,0.000953,0.99894
AGGGCGAGCAGCTGAT-1,0.00022,0.00022,0.207839,0.791721
AGGGCGTGATCGGCTA-1,0.000062,0.000062,0.900019,0.099856
AGGGCTGCAGTTACAG-1,0.000388,0.000388,0.127984,0.87124
AGGGTCAGAGCACTCG-1,0.025917,0.000269,0.000538,0.973276
AGGGTCGATGCGAACT-1,0.046882,0.000107,0.150313,0.802697
AGGGTCTGGACGCAGT-1,0.000101,0.000101,0.073162,0.926636
AGGGTGCCGTTCTTTA-1,0.00073,0.00073,0.00146,0.99708
AGGGTGCTCTCGAGGG-1,0.0003,0.0003,0.000601,0.998799
AGGGTGGATAGTGCAT-1,0.0002,0.0002,0.692082,0.307517
AGGGTTCAGACGGTCC-1,0.000345,0.000345,0.00069,0.99862
AGGGTTCCCTTTGGTT-1,0.001053,0.243801,0.020721,0.734425
AGGGTTTAGTTCGGGA-1,0.000279,0.000279,0.09659,0.902853
AGGTACGATATTGCCA-1,0.00005,0.00005,0.111534,0.888367
AGGTAGATCGAGATAT-1,0.000134,0.000134,0.333738,0.665993
AGGTAGGTACAAAGCT-1,0.000166,0.000166,0.794689,0.204979
AGGTATAATTGATAGT-1,0.000041,0.000041,0.025668,0.97425
AGGTATGCGGACATTA-1,0.000076,0.000076,0.125393,0.874455
