Barcode,Topic 1,Topic 2,Topic 3,Topic 4,Topic 5,Topic 6to9
AAACAAGTATCTCCCA-1,0.5542,0.440645,0.000736,0.000736,0.000736,0.002946
AAACAATCTACTAGCA-1,0.156785,0.72259,0.000363,0.000363,0.000363,0.119535
AAACACCAATAACTGC-1,0.195792,0.719437,0.000344,0.000344,0.000344,0.083738
AAACAGAGCGACTCCT-1,0.044698,0.117406,0.025412,0.050252,0.084438,0.677793
AAACAGCTTTCAGAAG-1,0.321588,0.244062,0.000258,0.171038,0.051376,0.211679
AAACAGGGTCTATATT-1,0.346697,0.650563,0.000391,0.000391,0.000391,0.001566
AAACATGGTGAGAGGA-1,0.074399,0.915226,0.001482,0.001482,0.001482,0.005929
AAACATTTCCCGGATT-1,0.408194,0.588268,0.000505,0.000505,0.000505,0.002022
AAACCACTACACAGAT-1,0.03501,0.343159,0.000144,0.000144,0.000144,0.6214
AAACCCGAACGAAATC-1,0.019649,0.724155,0.205747,0.000035,0.000279,0.050134
AAACCGGAAATGTTAA-1,0.050835,0.428971,0.371622,0.030109,0.011263,0.1072
AAACCGGGTAGGTACC-1,0.252816,0.743847,0.00045,0.00045,0.00045,0.001986
AAACCGTTCGTCCAGG-1,0.007143,0.193637,0.003671,0.123602,0.128368,0.543579
AAACCTAAGCAGCCGG-1,0.123455,0.073956,0.001998,0.019116,0.522436,0.259038
AAACCTCATGAAGTTG-1,0.000426,0.73989,0.000426,0.225216,0.000426,0.033616
AAACGAAGAACATACC-1,0.082743,0.340855,0.027873,0.00004,0.000043,0.548445
AAACGAAGATGGAGTA-1,0.220525,0.696825,0.000131,0.000131,0.000131,0.082257
AAACGAGACGGTTGAT-1,0.000038,0.256797,0.00843,0.05215,0.074656,0.607929
AAACGCCCGAGATCGG-1,0.020727,0.07292,0.018687,0.104595,0.237669,0.545402
AAACGCTGGGCACGAC-1,0.193633,0.19839,0.549979,0.000061,0.001506,0.05643
AAACGGGCGTACGGGT-1,0.241011,0.757589,0.0002,0.0002,0.0002,0.0008
AAACGGGTTGGTATCC-1,0.059002,0.700221,0.000149,0.000149,0.000149,0.240328
AAACGTGTTCGCCCTA-1,0.004111,0.553015,0.057737,0.009452,0.115286,0.260398
AAACTAACGTGGCGAC-1,0.022747,0.08289,0.001301,0.07159,0.105904,0.715566
AAACTCGGTTCGCAAT-1,0.01223,0.306297,0.000135,0.003495,0.01706,0.660783
AAACTCGTGATATAAG-1,0.189572,0.349062,0.21413,0.002174,0.000354,0.244708
AAACTGCTGGCTCCAA-1,0.004423,0.128088,0.042549,0.098214,0.137239,0.589487
AAACTTAATTGCACGC-1,0.378466,0.618331,0.000458,0.000458,0.000458,0.00183
AAACTTGCAAACGTAT-1,0.000376,0.848244,0.000376,0.000376,0.000376,0.150253
AAAGAATGACCTTAGA-1,0.046174,0.95164,0.000312,0.000312,0.000312,0.001249
AAAGAATGTGGACTAA-1,0.687434,0.266529,0.000087,0.000087,0.000087,0.045774
AAAGACCCAAGTCGCG-1,0.188095,0.810608,0.000185,0.000185,0.000185,0.000741
AAAGACTGGGCGCTTT-1,0.208958,0.538071,0.000205,0.000205,0.000205,0.252356
AAAGCTTGCCTACATA-1,0.010931,0.387584,0.475364,0.006278,0.028589,0.091255
AAAGGCCCTATAATAC-1,0.544609,0.449539,0.000836,0.000836,0.000836,0.003344
AAAGGCTACGGACCAT-1,0.000024,0.029247,0.00806,0.270537,0.30505,0.38708
AAAGGCTCTCGCGCCG-1,0.03355,0.258358,0.000037,0.002788,0.078416,0.626852
AAAGGGATGTAGCAAG-1,0.021068,0.08442,0.000037,0.056821,0.136792,0.700863
AAAGGGCAGCTTGAAT-1,0.119087,0.876252,0.000666,0.000666,0.000666,0.002663
AAAGGTAAGCTGTACC-1,0.080831,0.141688,0.017998,0.020043,0.037504,0.701935
AAAGTAGCATTGCTCA-1,0.063687,0.92966,0.00095,0.00095,0.00095,0.003801
AAAGTCACTGATGTAA-1,0.143886,0.574238,0.000111,0.000111,0.000111,0.281544
AAAGTCGACCCTCAGT-1,0.100967,0.617616,0.000323,0.000323,0.000323,0.280447
AAAGTGCCATCAATTA-1,0.16545,0.680502,0.153796,0.000042,0.000042,0.000168
AAAGTGTGATTTATCT-1,0.357843,0.546673,0.000215,0.000215,0.000215,0.09484
AAAGTTGACTCCCGTA-1,0.42167,0.516261,0.000196,0.000196,0.000196,0.06148
AAATAACCATACGGGA-1,0.00409,0.097496,0.029349,0.09924,0.275432,0.494394
AAATAAGGTAGTGCCC-1,0.000029,0.690595,0.208264,0.010527,0.01281,0.077775
AAATACCTATAAGCAT-1,0.021315,0.249034,0.018736,0.041996,0.0404,0.628518
AAATAGCTTAGACTTT-1,0.194156,0.804299,0.000221,0.000221,0.000221,0.000882
AAATAGGGTGCTATTG-1,0.024981,0.2769,0.016744,0.035746,0.097691,0.547938
AAATCCGATACACGCC-1,0.112301,0.453217,0.000095,0.000095,0.000095,0.434197
AAATCGCGGAAGGAGT-1,0.287207,0.707153,0.000806,0.000806,0.000806,0.003223
AAATCGTGTACCACAA-1,0.053892,0.198394,0.000044,0.015922,0.071472,0.660275
AAATCTAGCCCTGCTA-1,0.436131,0.553208,0.001523,0.001523,0.001523,0.006092
AAATCTGCCCGCGTCC-1,0.068372,0.840553,0.000196,0.000196,0.000196,0.090486
AAATGACTGATCAAAC-1,0.043558,0.182119,0.010705,0.02894,0.097754,0.636924
AAATGATTCGATCAGC-1,0.025172,0.275678,0.415232,0.040638,0.180111,0.063169
AAATGCTCGTTACGTT-1,0.14871,0.846601,0.00067,0.00067,0.00067,0.002679
AAATGGCATGTCTTGT-1,0.001059,0.219155,0.001909,0.030654,0.310708,0.436516
AAATGGCCCGTGCCCT-1,0.210338,0.785314,0.000621,0.000621,0.000621,0.002485
AAATGGTCAATGTGCC-1,0.063058,0.317194,0.000077,0.000077,0.000077,0.619515
AAATGTATCTTATCCC-1,0.093662,0.486751,0.000214,0.000214,0.000214,0.418946
AAATGTGGGTGCTCCT-1,0.265787,0.429734,0.000305,0.000305,0.000305,0.303563
AAATTAACGGGTAGCT-1,0.00005,0.026388,0.00603,0.10032,0.105064,0.762148
AAATTAATAAGCGCGA-1,0.052306,0.784925,0.000332,0.000332,0.000332,0.161774
AAATTACACGACTCTG-1,0.00429,0.10871,0.024699,0.059408,0.086109,0.716784
AAATTACCTATCGATG-1,0.068575,0.232044,0.005349,0.00086,0.083067,0.610106
AAATTCCAGGTCCAAA-1,0.000025,0.463371,0.355016,0.056424,0.052731,0.072433
AAATTGATAGTCCTTT-1,0.037616,0.960759,0.000232,0.000232,0.000232,0.000929
AAATTGCGGCGGTTCT-1,0.12901,0.86633,0.000666,0.000666,0.000666,0.002663
AAATTGGTGAGAAGCA-1,0.004412,0.705043,0.032207,0.008419,0.004096,0.245823
AAATTTACCGAAATCC-1,0.000043,0.301517,0.004066,0.109955,0.036585,0.547834
AAATTTGCGGGTGTGG-1,0.178575,0.709135,0.0002,0.0002,0.0002,0.111689
AACAACTGGTAGTTGC-1,0.00722,0.206402,0.08223,0.041465,0.009038,0.653646
AACAATACATTGTCGA-1,0.055225,0.482909,0.000036,0.000036,0.052275,0.409518
AACAATTACTCTACGC-1,0.270149,0.726452,0.000486,0.000486,0.000486,0.001942
AACACACGCTCGCCGC-1,0.351223,0.272989,0.000148,0.159175,0.013797,0.202668
AACACGACTGTACTGA-1,0.000066,0.418053,0.000066,0.000066,0.037764,0.543985
AACACGAGACGCGGCC-1,0.178915,0.147815,0.000235,0.000235,0.000235,0.672565
AACACGCGGCCGCGAA-1,0.167886,0.827562,0.00065,0.00065,0.00065,0.002601
AACAGCTGTGTGGCAA-1,0.116009,0.882973,0.000145,0.000145,0.000145,0.000581
AACAGGAAATCGAATA-1,0.03481,0.162528,0.024126,0.079238,0.196034,0.503264
AACAGGTAGTATGGAT-1,0.166303,0.652978,0.180242,0.00008,0.00008,0.000318
AACATAGCGTGTATCG-1,0.048435,0.530392,0.000054,0.000054,0.000054,0.421012
AACATATCAACTGGTG-1,0.014758,0.120869,0.112062,0.135788,0.080851,0.535672
AACATCGATACGTCTA-1,0.012301,0.22278,0.054113,0.016794,0.044196,0.649815
AACATTGAAGTTGATC-1,0.243235,0.643212,0.000305,0.000305,0.000305,0.112639
AACATTGGTCAGCCGT-1,0.164918,0.577854,0.001112,0.001112,0.001112,0.253893
AACATTGTGACTCGAG-1,0.053522,0.02226,0.030625,0.172702,0.165614,0.555277
AACCAAGACTTCTCTG-1,0.325578,0.385485,0.000394,0.000394,0.167441,0.120707
AACCAGTATCACTCTT-1,0.007523,0.05381,0.002109,0.243692,0.328762,0.364104
AACCATAGGGTTGAAC-1,0.001059,0.991528,0.001059,0.001059,0.001059,0.004236
AACCATGGGATCGCTA-1,0.258524,0.739021,0.000351,0.000351,0.000351,0.001403
AACCCAGAGACGGAGA-1,0.167495,0.743501,0.00025,0.00025,0.00025,0.088254
AACCCATCCCATGATC-1,0.00095,0.992397,0.00095,0.00095,0.00095,0.003801
AACCCGACAACCCGTG-1,0.02527,0.174833,0.116429,0.025866,0.032819,0.624783
AACCCGAGCAGAATCG-1,0.836606,0.000047,0.044243,0.105964,0.000047,0.013092
AACCCGATAGGGCTTC-1,0.000079,0.478653,0.076781,0.02603,0.028792,0.389664
AACCCGCTGTATTCCA-1,0.000031,0.226492,0.002815,0.000194,0.029018,0.741449
AACCCTACTGTCAATA-1,0.318492,0.361698,0.000143,0.000143,0.000143,0.31938
AACCCTGGTGGAACCA-1,0.071622,0.138582,0.155304,0.018578,0.006487,0.609427
AACCGAGCTTGGTCAT-1,0.019043,0.21677,0.007924,0.035452,0.083369,0.637442
AACCGCTAAGGGATGC-1,0.338321,0.605861,0.000203,0.000203,0.000203,0.05521
AACCGTTGTGTTTGCT-1,0.000062,0.375048,0.000062,0.000062,0.010337,0.614429
AACCTCGCTTTAGCCC-1,0.02076,0.347403,0.006706,0.038886,0.048704,0.537541
AACCTGTCACGGAATT-1,0.000034,0.371248,0.442816,0.023598,0.128969,0.033335
AACCTTTACGACGTCT-1,0.00003,0.035885,0.066095,0.147858,0.081188,0.668944
AACGAAAGTCGTCCCA-1,0.001766,0.985882,0.001764,0.001764,0.001764,0.007059
AACGACCTCCTAGCCG-1,0.853591,0.000049,0.018868,0.127248,0.000049,0.000195
AACGATAATGCCGTAG-1,0.008636,0.073302,0.083918,0.122941,0.281982,0.429221
AACGATAGAAGGGCCG-1,0.40195,0.306739,0.000111,0.000111,0.000111,0.290977
AACGATATGTCAACTG-1,0.000028,0.100514,0.014403,0.163827,0.247931,0.473296
AACGCATGATCTGGGT-1,0.088829,0.148196,0.031968,0.05147,0.187816,0.491722
AACGCGAACGGCAACA-1,0.287415,0.708401,0.000598,0.000598,0.000598,0.002391
AACGCGGTCTCCAGCC-1,0.007905,0.052912,0.000045,0.137392,0.251697,0.550049
AACGCTGTTGCTGAAA-1,0.401668,0.434661,0.000247,0.000247,0.000247,0.162931
AACGGACGTACGTATA-1,0.20213,0.511951,0.000212,0.000212,0.000212,0.285282
AACGGCCATCTCCGGT-1,0.019786,0.330377,0.000054,0.026306,0.090917,0.532559
AACGTCAGACTAGTGG-1,0.399817,0.166387,0.000328,0.000328,0.000328,0.432812
AACGTCATCCGGCTTG-1,0.002418,0.000089,0.115422,0.213938,0.209879,0.458254
AACGTCGCTGCACTTC-1,0.936755,0.000125,0.014432,0.01924,0.000125,0.029322
AACGTGATGAAGGACA-1,0.017226,0.143322,0.078609,0.135028,0.119354,0.506461
AACGTGCGAAAGTCTC-1,0.013814,0.066498,0.092514,0.046498,0.118801,0.661876
AACGTTATCAGCACCT-1,0.082534,0.785311,0.000363,0.000363,0.000363,0.131064
AACGTTCTACCATTGT-1,0.526357,0.297857,0.064011,0.000124,0.000124,0.111528
AACTACCCGTTTGTCA-1,0.091737,0.570486,0.210448,0.000084,0.011987,0.115257
AACTAGCGTATCGCAC-1,0.303385,0.665435,0.00019,0.00019,0.00019,0.030609
AACTAGGCTTGGGTGT-1,0.000089,0.042247,0.000089,0.000089,0.000089,0.957399
AACTCAAGTTAATTGC-1,0.016072,0.233968,0.009084,0.04177,0.048808,0.650298
AACTCCAGAGCGTGTT-1,0.276681,0.480502,0.000164,0.000164,0.000164,0.242326
AACTCCTAATCCCATG-1,0.003149,0.04451,0.000531,0.1133,0.320701,0.51781
AACTCGATGGCGCAGT-1,0.491949,0.502531,0.000788,0.000788,0.000789,0.003154
AACTCTCAATAGAGCG-1,0.106001,0.282861,0.080987,0.007687,0.238384,0.28408
AACTCTCAGTGTGCTC-1,0.010712,0.014363,0.101557,0.105637,0.385709,0.382024
AACTGAGGTCAGCGTC-1,0.000056,0.15035,0.009459,0.025601,0.085455,0.729079
AACTGAGTTATACTGA-1,0.002291,0.456733,0.425282,0.041415,0.0237,0.050578
AACTGATATTAGGCCT-1,0.013473,0.21596,0.001748,0.023414,0.074031,0.671373
AACTGGGTCCCGACGT-1,0.000046,0.156548,0.00005,0.08851,0.026868,0.727979
AACTGGGTTCGAGCCG-1,0.099486,0.167208,0.000074,0.106029,0.011549,0.615654
AACTGGTGTGGGCCTT-1,0.126355,0.63874,0.000157,0.000157,0.000157,0.234434
AACTTCTGCGTCTATC-1,0.060053,0.356746,0.000145,0.012627,0.040828,0.5296
AACTTGCCCGTATGCA-1,0.288552,0.469416,0.000527,0.000527,0.000527,0.240451
AACTTGCGTTCTCGCG-1,0.198553,0.307398,0.000278,0.000278,0.000278,0.493216
AACTTTACGGGAGCTT-1,0.096716,0.604039,0.000181,0.000181,0.000181,0.298702
AACTTTAGCTGCTGAG-1,0.238789,0.461688,0.000122,0.000122,0.000122,0.299158
AACTTTCTCGATCATG-1,0.000056,0.512154,0.335867,0.040411,0.016644,0.094868
AAGAAAGTTTGATGGG-1,0.001002,0.991987,0.001002,0.001002,0.001002,0.004006
AAGAAATCACCAGATT-1,0.022304,0.389834,0.218159,0.169993,0.094664,0.105045
AAGAAGGATCAGTTAG-1,0.000576,0.995391,0.000576,0.000576,0.000576,0.002304
AAGACATACGTGGTTT-1,0.793972,0.000058,0.000058,0.205625,0.000058,0.00023
AAGACCAAATAACTCA-1,0.138543,0.860799,0.000094,0.000094,0.000094,0.000376
AAGACCCAACTGAACA-1,0.000021,0.219633,0.000021,0.011156,0.022787,0.746382
AAGACTAACCCGTTGT-1,0.071464,0.925266,0.000467,0.000467,0.000467,0.001869
AAGACTGCAAGCTACT-1,0.022607,0.065489,0.042963,0.095244,0.073453,0.700245
AAGAGATGAATCGGTA-1,0.000501,0.995993,0.000501,0.000501,0.000501,0.002003
AAGAGCTCTTTATCGG-1,0.104442,0.004923,0.019118,0.178969,0.190978,0.501569
AAGAGGATGTACGCGA-1,0.269854,0.000501,0.000501,0.000501,0.000501,0.728143
AAGAGGCATGGATCGC-1,0.000015,0.000015,0.01229,0.413462,0.470168,0.10405
AAGAGGCCCTTTGGAA-1,0.719337,0.130928,0.009216,0.09854,0.003097,0.038882
AAGATGGCACCGGACC-1,0.036243,0.235622,0.058541,0.039112,0.134859,0.495622
AAGATTGGCGGAACGT-1,0.001883,0.04297,0.011533,0.134977,0.395454,0.413183
AAGCACCCTGCGTATC-1,0.001797,0.267655,0.047413,0.003449,0.00568,0.674005
AAGCATACTCTCCTGA-1,0.000015,0.000015,0.001665,0.542652,0.335882,0.119771
AAGCCACTTGCAGGTA-1,0.570662,0.291433,0.00013,0.00013,0.00013,0.137513
AAGCCGAAGCGGTTTA-1,0.402758,0.481414,0.000282,0.000282,0.000282,0.114981
AAGCCGCCGTGAAATC-1,0.113545,0.280934,0.000188,0.127299,0.000188,0.477845
AAGCCGCTTTACCTTG-1,0.000067,0.477274,0.371349,0.023509,0.084712,0.043088
AAGCCGGAGAGCAGGA-1,0.061849,0.602338,0.335607,0.000034,0.000034,0.000137
AAGCGCAGGGCTTTGA-1,0.003358,0.041701,0.056162,0.035975,0.11795,0.744854
AAGCGGAGTGCGCGCA-1,0.000031,0.496577,0.32703,0.017304,0.132394,0.026665
AAGCGGCGTCATGGGT-1,0.003926,0.229893,0.000045,0.025765,0.141079,0.599293
AAGCGTCCCTCATCGA-1,0.082771,0.503391,0.000072,0.000072,0.000072,0.413621
AAGCTAGATCGAGTAA-1,0.013127,0.060741,0.129097,0.084613,0.103291,0.609132
AAGCTATGGATTGACC-1,0.235297,0.468881,0.000188,0.113246,0.000188,0.182199
AAGCTCGTGCCAAGTC-1,0.000016,0.000016,0.000406,0.483508,0.437008,0.079046
AAGCTCTTTCATGGTG-1,0.000025,0.036203,0.1784,0.271144,0.321759,0.19247
AAGGAGAACTTATAAG-1,0.375997,0.473375,0.000217,0.000217,0.000217,0.149977
AAGGAGCGGTTGGTGC-1,0.000106,0.262269,0.018702,0.018988,0.000106,0.699829
AAGGATCGATCGCTTG-1,0.000075,0.599432,0.323894,0.000075,0.000121,0.076403
AAGGATGAGGGACCTC-1,0.017046,0.321413,0.000048,0.017357,0.034389,0.609747
AAGGCAGGCTGTCTCC-1,0.123305,0.426801,0.268382,0.00561,0.00004,0.175862
AAGGCGCGTAAAGCTT-1,0.254685,0.456506,0.000288,0.000288,0.000288,0.287945
AAGGCTGTGCTCATCG-1,0.000036,0.00975,0.054351,0.220065,0.213414,0.502384
AAGGGAACGACTGGCT-1,0.178857,0.815775,0.000767,0.000767,0.000767,0.003067
AAGGGACAGATTCTGT-1,0.023489,0.123652,0.069843,0.128211,0.19153,0.463275
AAGGGACTATGCATTC-1,0.001444,0.849888,0.001444,0.001444,0.001444,0.144335
AAGGGTTAGCCATGCG-1,0.861214,0.000065,0.020566,0.117828,0.000065,0.000262
AAGGGTTTGATTTCAG-1,0.001278,0.795013,0.001278,0.001278,0.001278,0.199875
AAGGTATCCTAATATA-1,0.000024,0.001042,0.003672,0.334688,0.350856,0.309718
AAGGTGATAAACCAGC-1,0.147531,0.440196,0.000104,0.005623,0.182052,0.224494
AAGTAGAAGACCGGGT-1,0.118252,0.880361,0.000198,0.000198,0.000198,0.000793
AAGTAGTGACGCGAGG-1,0.278423,0.543948,0.000567,0.000567,0.000567,0.175928
AAGTCAATTGTCGTCA-1,0.088921,0.675093,0.001069,0.229571,0.001069,0.004276
AAGTCTAGTAGCTGCC-1,0.017521,0.768618,0.2136,0.000044,0.000044,0.000175
AAGTCTTCTGTGGCCT-1,0.000092,0.000092,0.000092,0.690763,0.041024,0.267937
AAGTGACGACCGAATT-1,0.202071,0.279754,0.000469,0.000469,0.000469,0.516767
AAGTGAGTCGGGTTTA-1,0.000031,0.291723,0.000031,0.010773,0.122154,0.575289
AAGTGCAAAGGTAGAC-1,0.126801,0.471524,0.000196,0.048091,0.035848,0.31754
AAGTGCCTTGACTGTA-1,0.570196,0.424909,0.000699,0.000699,0.000699,0.002797
AAGTGCGTTAGAATCT-1,0.194064,0.799283,0.00095,0.00095,0.00095,0.003802
AAGTGCTTCTCTATTG-1,0.114521,0.359146,0.056068,0.000047,0.000047,0.470172
AAGTGTTTGGAGACGG-1,0.016839,0.233344,0.027376,0.023062,0.380873,0.318505
AAGTTCACTCCAAGCT-1,0.062744,0.011463,0.050209,0.192229,0.390052,0.293302
AAGTTCAGTCTGCGTA-1,0.01237,0.251069,0.000048,0.021127,0.123136,0.592251
AAGTTCGGCCAACAGG-1,0.096439,0.810485,0.000174,0.000174,0.000174,0.092553
AAGTTGTGATGTTATA-1,0.712625,0.249736,0.00036,0.00036,0.00036,0.03656
AAGTTTACTAATGGCA-1,0.148548,0.299324,0.000169,0.000169,0.000169,0.551622
AAGTTTATGGGCCCAA-1,0.022314,0.052339,0.012817,0.097641,0.323761,0.491127
AATAACAACGCTCGGC-1,0.003178,0.974588,0.003176,0.003176,0.003176,0.012706
AATAACACTAGAACAA-1,0.015563,0.110571,0.031923,0.049485,0.263528,0.52893
AATAACGTCGCGCCCA-1,0.874977,0.000032,0.000032,0.124797,0.000032,0.000129
AATAAGTCCTCGAGAC-1,0.061579,0.2341,0.116819,0.000033,0.000033,0.587436
AATAATCTTCGTATCG-1,0.053593,0.891584,0.054572,0.000042,0.000042,0.000167
AATACAATGTTTCAGG-1,0.00102,0.99184,0.00102,0.00102,0.00102,0.00408
AATACCGGAGGGCTGT-1,0.028351,0.460039,0.000058,0.000058,0.000058,0.511436
AATACCTGATGTGAAC-1,0.677033,0.295078,0.00014,0.00014,0.00014,0.02747
AATAGAACAGAGTGGC-1,0.023068,0.255181,0.023129,0.058825,0.097851,0.541946
AATAGAATCTGTTTCA-1,0.106543,0.210588,0.000046,0.031746,0.396857,0.254221
AATAGCAAGCCTCCTG-1,0.068337,0.225239,0.00006,0.000092,0.002294,0.703978
AATAGCTACCGCGTGC-1,0.000039,0.209793,0.047436,0.060496,0.29992,0.382316
AATAGGCACGACCCTT-1,0.232745,0.765899,0.000194,0.000194,0.000194,0.000775
AATAGTCCGTCCCGAC-1,0.003035,0.022927,0.026621,0.143341,0.143802,0.660274
AATAGTCGCGAGTCGG-1,0.252897,0.66235,0.000257,0.000257,0.000257,0.083981
AATATCAAGGTCGGAT-1,0.334544,0.664275,0.000169,0.000169,0.000169,0.000675
AATATCCTAGCAAACT-1,0.126827,0.343807,0.000564,0.000564,0.127832,0.400405
AATATCGAATCAATGC-1,0.067521,0.38997,0.414696,0.027926,0.093261,0.006627
AATATCGAGGGTTCTC-1,0.047451,0.417869,0.000101,0.000101,0.005362,0.529116
AATATTGGAGTATTGA-1,0.074148,0.739823,0.000418,0.000418,0.000418,0.184774
AATCAGACTGCAGGAC-1,0.263728,0.513424,0.000231,0.000231,0.000231,0.222154
AATCAGGTTTCATTTA-1,0.164609,0.538015,0.00013,0.00013,0.00013,0.296987
AATCATGTAAAGACTC-1,0.062789,0.361978,0.000708,0.000708,0.000708,0.573109
AATCCAAGGGCCTGAG-1,0.201791,0.796567,0.000235,0.000235,0.000235,0.000938
AATCCATGCAAGGGTG-1,0.273157,0.562984,0.000317,0.000317,0.000317,0.162908
AATCCCGCTCAGAGCC-1,0.043341,0.200574,0.094099,0.009719,0.005208,0.647059
AATCGAGGTCTCAAGG-1,0.034311,0.011222,0.019386,0.243627,0.214869,0.476587
AATCGCCTCAGCGCCA-1,0.084175,0.130838,0.061486,0.028528,0.104199,0.590776
AATCGCGCAGAGGACT-1,0.000027,0.495988,0.437709,0.063088,0.00154,0.001647
AATCGGGACACTACGA-1,0.132127,0.309361,0.288975,0.000055,0.000055,0.269426
AATCGGTATAGCCCTC-1,0.965037,0.000049,0.014486,0.000049,0.000049,0.02033
AATCGTGAGCCGAGCA-1,0.089969,0.387915,0.000074,0.002075,0.085355,0.434612
AATCTAGGTTTACTTG-1,0.039596,0.956715,0.000527,0.000527,0.000527,0.002108
AATCTATGCCGGAGCC-1,0.022061,0.684402,0.158246,0.00006,0.009804,0.125427
AATCTCTACTGTGGTT-1,0.089698,0.283578,0.000855,0.000855,0.000855,0.624158
AATCTGCGTTGGGACG-1,0.08806,0.206854,0.04111,0.031107,0.106368,0.5265
AATCTGGCTTTCTAGT-1,0.270309,0.406839,0.000722,0.000722,0.000722,0.320687
AATCTGGGTAGACCCT-1,0.05918,0.09894,0.011291,0.159057,0.163021,0.508511
AATGACAGCAATGTCT-1,0.242815,0.432195,0.001039,0.001039,0.001039,0.321872
AATGACGTAGGATGTC-1,0.00002,0.00002,0.013164,0.334354,0.448836,0.203607
AATGACTGTCAGCCGG-1,0.336291,0.417392,0.000295,0.000295,0.000295,0.245431
AATGAGTTCGCATATG-1,0.108704,0.886491,0.000686,0.000686,0.000686,0.002745
AATGATGATACGCTAT-1,0.033649,0.112054,0.025302,0.173695,0.254171,0.401129
AATGATGCGACTCCTG-1,0.000086,0.388163,0.000086,0.000086,0.01624,0.59534
AATGCAACCGGGTACC-1,0.014114,0.139441,0.005188,0.04527,0.13632,0.659667
AATGCACCAAGCAATG-1,0.044813,0.278319,0.000044,0.01942,0.025453,0.631949
AATGGCCGCCAATGCG-1,0.000172,0.303317,0.000172,0.000172,0.000172,0.695995
AATGGTCCACCGTTCA-1,0.139009,0.854612,0.000911,0.000911,0.000911,0.003645
AATGTATGGCACTGTA-1,0.205353,0.78993,0.000674,0.000674,0.000674,0.002695
AATGTGCCCGAGGTGT-1,0.337178,0.652161,0.001523,0.001523,0.001523,0.006092
AATGTGCTAATCTGAG-1,0.058078,0.826102,0.000106,0.000106,0.000106,0.115502
AATGTTAAGACCCTGA-1,0.072112,0.338937,0.000033,0.011555,0.115877,0.461487
AATTAAAGGTCGGCGT-1,0.031552,0.058845,0.007932,0.035411,0.188022,0.678237
AATTAACGGATTTCCA-1,0.000037,0.026032,0.002387,0.214141,0.104606,0.652797
AATTACGAGACCCATC-1,0.063958,0.920164,0.000195,0.000195,0.000195,0.015292
AATTACTCGTACGCTC-1,0.128076,0.706577,0.000456,0.000456,0.000456,0.16398
AATTAGCGCTGCAGCG-1,0.000021,0.000021,0.031381,0.176143,0.439967,0.352466
AATTATACCCAGCAAG-1,0.16375,0.661885,0.000088,0.000088,0.000088,0.1741
AATTCATAAGGGATCT-1,0.030733,0.092057,0.008057,0.105716,0.145175,0.618263
AATTCATTGTCATGCA-1,0.296563,0.6812,0.003177,0.003177,0.003176,0.012707
AATTCCAACTTGGTGA-1,0.001309,0.91587,0.001308,0.001308,0.001308,0.078898
AATTCGATTCGAGGAT-1,0.021927,0.30904,0.001954,0.001869,0.026407,0.638803
AATTCTAGAGTTAGGC-1,0.00002,0.00002,0.022851,0.486859,0.201007,0.289242
AATTGAACGCTCTGGT-1,0.117674,0.405201,0.000066,0.000066,0.000142,0.476851
AATTGCAGCAATCGAC-1,0.700034,0.139033,0.000245,0.000245,0.000245,0.160199
AATTGCGTGGATTACA-1,0.149153,0.638233,0.000479,0.000479,0.000479,0.211176
AATTGTGGTTGCCAAA-1,0.817337,0.000033,0.072074,0.110393,0.000033,0.000131
AATTTGGGACATAGTA-1,0.240262,0.117061,0.002029,0.044712,0.190256,0.40568
AATTTGGTTCCAAAGA-1,0.070623,0.009309,0.149399,0.08703,0.113115,0.570524
ACAAACCATGCGTCCT-1,0.117228,0.663635,0.000393,0.000393,0.000393,0.217958
ACAAACTCCATCAGAG-1,0.064496,0.698594,0.000065,0.000065,0.000065,0.236714
ACAAAGAAGGTAGGCC-1,0.283897,0.711299,0.000686,0.000686,0.000686,0.002745
ACAAAGCATGACCTAG-1,0.300914,0.697532,0.000222,0.000222,0.000222,0.000888
ACAAATCGCACCGAAT-1,0.164643,0.415315,0.000043,0.000043,0.000043,0.419914
ACAAATGGTAGTGTTT-1,0.109603,0.321372,0.012171,0.062956,0.075327,0.418572
ACAAATTCAGATCTGA-1,0.087265,0.253093,0.024968,0.033902,0.017757,0.583015
ACAACAGCATGAGCTA-1,0.000021,0.014431,0.002581,0.165931,0.334808,0.482228
ACAACGGTCCCTGCGA-1,0.159022,0.838662,0.000331,0.000331,0.000331,0.001324
ACAAGCAGTGCCTAGC-1,0.147235,0.85009,0.000382,0.000382,0.000382,0.001528
ACAAGCTATATGGAAG-1,0.000023,0.000023,0.000023,0.9013,0.008458,0.090173
ACAAGGAAATCCGCCC-1,0.046895,0.226061,0.004016,0.028878,0.074876,0.619274
ACAAGGACAAGAGGTT-1,0.162273,0.465032,0.000207,0.000207,0.040659,0.331622
ACAAGGATGCTTTAGG-1,0.230998,0.575462,0.000111,0.000111,0.028169,0.16515
ACAAGGCCTACCAGCC-1,0.000052,0.185996,0.007234,0.062108,0.199717,0.544892
ACAAGGGCAGGCTCTG-1,0.037431,0.185773,0.000038,0.018274,0.071735,0.686749
ACAAGTAATTGTAAGG-1,0.089316,0.107773,0.000042,0.163284,0.073112,0.566473
ACAATAGTCGTACGTT-1,0.159042,0.185356,0.000114,0.102477,0.201708,0.351303
ACAATCCATTTAAACC-1,0.194906,0.800818,0.000611,0.000611,0.000611,0.002444
ACAATCGATCTTTATA-1,0.13413,0.275009,0.000486,0.000486,0.000486,0.589405
ACAATGAATACGGAGA-1,0.063932,0.577288,0.005907,0.025028,0.071044,0.256801
ACAATGATTCTTCTAC-1,0.025046,0.083098,0.009866,0.054756,0.135354,0.69188
ACAATTGTGTCTCTTT-1,0.437941,0.559165,0.000413,0.000413,0.000413,0.001653
ACAATTTAGGAGGCTC-1,0.000192,0.206208,0.000192,0.000192,0.000192,0.793026
ACAATTTGAGCAGTGG-1,0.001825,0.01877,0.092098,0.203098,0.070855,0.613354
ACAATTTGGCCATATT-1,0.000031,0.587596,0.386229,0.010689,0.005196,0.01026
ACACAAAGACGGGTGG-1,0.000054,0.373155,0.000054,0.000054,0.000054,0.626629
ACACAAATATTCCTAG-1,0.268217,0.372266,0.225884,0.006192,0.010297,0.117144
ACACACCAGGACCAGT-1,0.138918,0.426963,0.000121,0.000121,0.113115,0.320762
ACACACTTTCTACACG-1,0.000026,0.00022,0.03133,0.174853,0.297186,0.496386
ACACATGATCAAATCT-1,0.000573,0.83463,0.000573,0.000573,0.097245,0.066405
ACACATTGACGCAACA-1,0.26373,0.729942,0.000904,0.000904,0.000904,0.003616
ACACATTTCCGTAGAC-1,0.000021,0.020598,0.016782,0.13601,0.409128,0.417461
ACACCACATAATTAGC-1,0.028282,0.619194,0.275826,0.005656,0.0336,0.037442
ACACCCAGCATGCAGC-1,0.000127,0.349181,0.000127,0.000127,0.000127,0.650312
ACACCCGAGAAATCCG-1,0.218426,0.740865,0.000296,0.000296,0.000296,0.039819
ACACCGAGCGCTCTTT-1,0.001069,0.991447,0.001069,0.001069,0.001069,0.004276
ACACCGGTCTGACCGC-1,0.139253,0.857776,0.000424,0.000424,0.000424,0.001698
ACACCTTAAGTAGGGC-1,0.154582,0.463507,0.000335,0.000335,0.000335,0.380906
ACACCTTACTACTTGC-1,0.037846,0.684034,0.249636,0.005148,0.001582,0.021755
ACACGAGACTCCTTCT-1,0.004053,0.011665,0.012292,0.163286,0.111851,0.696853
ACACGGCACTATGCAT-1,0.000025,0.072072,0.04515,0.09289,0.28568,0.504183
ACACGGGAACTTAGGG-1,0.000039,0.017051,0.000039,0.15717,0.06669,0.759011
ACACGTAGGCCACAAG-1,0.742511,0.146449,0.000133,0.000133,0.000133,0.110639
ACACTCCAATGTCACT-1,0.248795,0.746832,0.000625,0.000625,0.000625,0.002499
ACACTGATCAAGGTGT-1,0.012767,0.304379,0.000045,0.000045,0.009545,0.673218
ACACTGGGACAGTCGT-1,0.844774,0.000034,0.000034,0.154991,0.000034,0.000135
ACAGAACTGAGAACAA-1,0.1927,0.597713,0.00049,0.00049,0.00049,0.208118
ACAGATTAGGTTAGTG-1,0.080568,0.283685,0.037852,0.000164,0.000164,0.597569
ACAGCATAGAGCCAGT-1,0.009613,0.110133,0.002208,0.002993,0.139113,0.735941
ACAGCGACATTCTCAT-1,0.536117,0.162917,0.000313,0.000313,0.166698,0.133642
ACAGCGCACCCGCAGC-1,0.00003,0.103155,0.009213,0.239177,0.270639,0.377786
ACAGGCACGGATCCTT-1,0.399499,0.59842,0.000297,0.000297,0.000297,0.001189
ACAGGCTTGCCCGACT-1,0.325452,0.433293,0.0001,0.0001,0.109669,0.131386
ACAGGTGGAGGTGAGG-1,0.017727,0.039959,0.19003,0.090688,0.070859,0.590737
ACAGGTGTGTTGTTGC-1,0.071073,0.619648,0.000251,0.070736,0.000251,0.23804
ACAGTAATACAACTTG-1,0.0715,0.925026,0.000496,0.000496,0.000496,0.001986
ACAGTATACCGTGGGA-1,0.003604,0.567554,0.294777,0.003357,0.103272,0.027437
ACATAAGTCGTGGTGA-1,0.002059,0.983529,0.002059,0.002059,0.002059,0.008236
ACATAATAAGGCGGTG-1,0.000049,0.282788,0.000049,0.003802,0.010962,0.70235
ACATACAATCAAGCGG-1,0.648022,0.274323,0.000072,0.000072,0.000072,0.077438
ACATCAGCTGGGACGC-1,0.081449,0.915152,0.000486,0.000486,0.000486,0.001942
ACATCCCGGCCATACG-1,0.000095,0.138638,0.111321,0.028322,0.006701,0.714923
ACATCCTGGTAACTGT-1,0.256559,0.339627,0.000762,0.000762,0.000762,0.401529
ACATCGATCGTTTACC-1,0.000031,0.000031,0.041853,0.334173,0.146447,0.477464
ACATCGCAATATTCGG-1,0.129743,0.867619,0.000377,0.000377,0.000377,0.001508
ACATCGGTCAGCCGCG-1,0.22504,0.543815,0.000205,0.000205,0.000205,0.230531
ACATCGTATGCAATGG-1,0.051787,0.131457,0.036746,0.095822,0.085099,0.59909
ACATCGTTAACCTAGT-1,0.000039,0.032244,0.065681,0.103953,0.192381,0.605702
ACATCTCAACGCGTAA-1,0.022409,0.116609,0.028284,0.060071,0.299681,0.472946
ACATGCTTACGGCAGC-1,0.649437,0.347978,0.000369,0.000369,0.000369,0.001478
ACATGGCGCCAAAGTA-1,0.238733,0.459461,0.006041,0.000179,0.000179,0.295407
ACATGGCTCAATTTAG-1,0.001171,0.766163,0.00117,0.00117,0.00117,0.229156
ACATTAGTTTATATCC-1,0.135105,0.374745,0.000074,0.000074,0.005683,0.484321
ACATTCGCGCGGAATA-1,0.500587,0.445258,0.000259,0.000259,0.000259,0.05338
ACATTTGAAACCTAAC-1,0.611989,0.26429,0.016025,0.000082,0.067149,0.040466
ACCAAACACCCAGCGA-1,0.000045,0.549666,0.030587,0.018372,0.015741,0.385589
ACCAAACTAGAAATCC-1,0.091031,0.476474,0.000057,0.000057,0.023731,0.408651
ACCAACACCACACACT-1,0.011787,0.360577,0.000052,0.092465,0.146925,0.388193
ACCAACCGCACTCCAC-1,0.466012,0.532578,0.000201,0.000201,0.000201,0.000806
ACCAAGAACGCGTGTC-1,0.162459,0.6027,0.000156,0.000156,0.000156,0.234373
ACCAAGTCATCGGCAG-1,0.763204,0.235672,0.00016,0.00016,0.00016,0.000642
ACCAATATGCAAGTTA-1,0.020022,0.109163,0.040292,0.145535,0.330637,0.354351
ACCACAACTCAGAACA-1,0.036242,0.304772,0.000039,0.005359,0.018626,0.634961
ACCACAAGTTTCTATC-1,0.035965,0.133901,0.060545,0.000762,0.057204,0.711622
ACCACACGGTTGATGG-1,0.050824,0.009286,0.006972,0.119825,0.327239,0.485855
ACCACCAATGTAACAA-1,0.186834,0.756373,0.000113,0.000113,0.000113,0.056455
ACCACCCTCTCTTCTA-1,0.000048,0.60569,0.257144,0.013159,0.088996,0.034963
ACCACGTGCAGCTATA-1,0.030345,0.095936,0.038501,0.146985,0.246292,0.441942
ACCACTGTTCAAGAAG-1,0.235194,0.760358,0.000635,0.000635,0.000635,0.002542
ACCAGACCATAACAAC-1,0.085212,0.394792,0.000094,0.16949,0.007567,0.342845
ACCAGCCCGGTCTTTG-1,0.067416,0.120921,0.103213,0.00865,0.050417,0.649383
ACCAGGAGTGTGATCT-1,0.398794,0.271007,0.000269,0.000269,0.000269,0.329391
ACCAGTGCCCGGTCAA-1,0.015034,0.156339,0.000046,0.00228,0.09812,0.72818
ACCAGTGCGGGAGACG-1,0.255859,0.201607,0.000207,0.000207,0.014321,0.527798
ACCATATCCGCAATAA-1,0.04334,0.238251,0.000031,0.000031,0.012623,0.705724
ACCATCCGCCAACTAG-1,0.205034,0.792115,0.000407,0.000407,0.000407,0.001629
ACCATCGTATATGGTA-1,0.028039,0.518492,0.000089,0.000089,0.000089,0.453202
ACCATTAAGGGTGTCA-1,0.000789,0.547549,0.000789,0.226395,0.000789,0.223691
ACCCAACGCCCGTGGC-1,0.012305,0.230577,0.004158,0.014451,0.0859,0.652609
ACCCACCTACATGCTC-1,0.114693,0.314534,0.000188,0.340864,0.045035,0.184687
ACCCATCTTGAGGGTA-1,0.000242,0.699397,0.000242,0.000242,0.000242,0.299634
ACCCATTTGTCCCTCT-1,0.648262,0.088411,0.000646,0.201896,0.058199,0.002586
ACCCGAGCGAAATTAC-1,0.0823,0.781007,0.000264,0.000264,0.000264,0.135901
ACCCGATTGGTTCCGA-1,0.11466,0.603644,0.002264,0.000073,0.000073,0.279287
ACCCGGAAACTCCCAG-1,0.004729,0.122074,0.080862,0.035874,0.038739,0.717722
ACCCGGAGCACCACAA-1,0.039367,0.394067,0.563262,0.000016,0.001298,0.00199
ACCCGGATGACGCATC-1,0.114476,0.749826,0.000611,0.000611,0.000611,0.133865
ACCCGGTTACACTTCC-1,0.049308,0.368327,0.000102,0.000102,0.000102,0.58206
ACCCGTAGCAGAGAAT-1,0.000912,0.992709,0.000911,0.000911,0.000911,0.003645
ACCCGTAGTCTAGTTG-1,0.806255,0.000049,0.037855,0.155597,0.000049,0.000195
ACCCGTGTCATCAGTA-1,0.036109,0.16875,0.001256,0.004837,0.002414,0.786634
ACCCTATAGGACTGAG-1,0.141392,0.854331,0.000611,0.000611,0.000611,0.002444
ACCCTATGCCATATCG-1,0.026829,0.068605,0.129733,0.027207,0.024144,0.723482
ACCCTCCCGTCAGGGC-1,0.591299,0.406072,0.000376,0.000376,0.000376,0.001503
ACCCTCCCTTGCTATT-1,0.069847,0.410689,0.000075,0.000075,0.023556,0.495758
ACCCTGGTAACGCCCT-1,0.000043,0.510839,0.226679,0.087536,0.174732,0.000171
ACCCTTCATCTGCGAA-1,0.004242,0.186127,0.00745,0.085709,0.067545,0.648928
ACCCTTGCCTGGGTCG-1,0.007471,0.517423,0.374252,0.014213,0.009182,0.077459
ACCCTTTAGTTCTCCA-1,0.000348,0.130495,0.045847,0.153362,0.097965,0.571982
ACCGAAAGGGCCCTGC-1,0.040946,0.6495,0.000062,0.000062,0.01321,0.296218
ACCGAAGAGTCTGGTT-1,0.184363,0.802666,0.001853,0.001853,0.001853,0.007412
ACCGACACATCTCCCA-1,0.020177,0.146806,0.005411,0.038422,0.082283,0.706901
ACCGACTGAGTCCCAC-1,0.000064,0.061913,0.000064,0.065129,0.031644,0.841187
ACCGAGTCTCCTTATT-1,0.000071,0.5329,0.000071,0.000071,0.019779,0.447108
ACCGATAGGCATAACC-1,0.826601,0.000029,0.055256,0.117968,0.000029,0.000117
ACCGATATTTAATCAT-1,0.224243,0.634754,0.131788,0.000053,0.000053,0.00911
ACCGATGGTAGCATCG-1,0.238553,0.335439,0.033574,0.000075,0.09061,0.301749
ACCGCAATAACTGCCT-1,0.059754,0.08283,0.055748,0.012582,0.307847,0.481239
ACCGCGGTGGAAGTCG-1,0.385109,0.56308,0.049142,0.000445,0.000445,0.001779
ACCGCTAGTCATTGGT-1,0.160263,0.7863,0.000217,0.000217,0.000217,0.052787
ACCGGGCCTTTGTTGA-1,0.411019,0.584292,0.00067,0.00067,0.00067,0.00268
ACCGGTCAGGTACACC-1,0.126374,0.626947,0.000494,0.000494,0.104377,0.141314
ACCGGTCTGAGTACGG-1,0.058829,0.003849,0.156353,0.035995,0.01843,0.726544
ACCGTCCACTGGGCCC-1,0.046549,0.951999,0.000207,0.000207,0.000207,0.00083
ACCGTGACCACGTGGG-1,0.000042,0.519387,0.000042,0.000042,0.000042,0.480445
ACCGTTCCCGCTCTGA-1,0.030027,0.395094,0.005094,0.08522,0.000075,0.48449
ACCTAAGTACCTTTCA-1,0.129936,0.202579,0.109426,0.180138,0.025462,0.352459
ACCTAATCGACTTCCT-1,0.388156,0.54595,0.000386,0.000386,0.000386,0.064736
ACCTACAGTATGTGGT-1,0.037714,0.576693,0.316126,0.00005,0.00005,0.069368
ACCTCAGCGAGGCGCA-1,0.639835,0.287409,0.000085,0.000085,0.004186,0.0684
ACCTCCGCCCTCGCTG-1,0.159831,0.327187,0.078357,0.189922,0.0199,0.224803
ACCTCCGTTATTCACC-1,0.000753,0.790747,0.172774,0.000052,0.000052,0.035621
ACCTCGAACTTATGCT-1,0.000674,0.704719,0.000674,0.000674,0.000674,0.292586
ACCTGCGTGTCATGTT-1,0.001135,0.990924,0.001134,0.001134,0.001134,0.004538
ACGAAATGGGCGGCAC-1,0.189421,0.806326,0.000608,0.000608,0.000608,0.00243
ACGACCCATGAGTTGC-1,0.170069,0.653912,0.155917,0.000043,0.000043,0.020015
ACGACTCTAGGGCCGA-1,0.434118,0.564632,0.000178,0.000178,0.000178,0.000714
ACGACTGGTCATACTC-1,0.000034,0.379538,0.000371,0.037095,0.137534,0.445427
ACGAGAACCCATCACG-1,0.196012,0.519257,0.000116,0.000116,0.000116,0.284385
ACGAGATATTTGCTTA-1,0.000067,0.029252,0.000067,0.295991,0.05658,0.618043
ACGAGGATACCACTCT-1,0.069063,0.925816,0.000731,0.000732,0.000732,0.002926
ACGAGGTTTACAACGT-1,0.001986,0.984116,0.001985,0.001985,0.001985,0.007942
ACGAGTACGGATGCCC-1,0.014974,0.481343,0.042108,0.000067,0.014624,0.446883
ACGAGTCGCCGGCGTT-1,0.000131,0.398495,0.000131,0.168244,0.030289,0.402711
ACGATACATAGAACTA-1,0.012146,0.140414,0.012827,0.099467,0.115425,0.619719
ACGATACCTATCCTGA-1,0.000051,0.000051,0.02152,0.474838,0.00498,0.498561
ACGATCATACATAGAG-1,0.000036,0.021877,0.004611,0.379155,0.060828,0.533493
ACGATCATCTTGTAAA-1,0.16864,0.821982,0.00134,0.00134,0.00134,0.005359
ACGATGCATATGTTAT-1,0.003142,0.20121,0.000092,0.066901,0.067801,0.660854
ACGATGGATCCGATGC-1,0.054416,0.269885,0.087654,0.002902,0.020188,0.564953
ACGCAAACTAATAGAT-1,0.003541,0.185156,0.064365,0.02823,0.199469,0.51924
ACGCAATCACTACAGC-1,0.233118,0.669352,0.000438,0.000438,0.000438,0.096216
ACGCATAAATGACATG-1,0.000028,0.079381,0.01251,0.224932,0.066093,0.617056
ACGCATACGTTTACTA-1,0.814108,0.178817,0.001011,0.001011,0.001011,0.004043
ACGCATTCGTGAGTAC-1,0.013735,0.065937,0.000057,0.027685,0.020208,0.872378
ACGCCACTCGAAACAG-1,0.037071,0.290625,0.004105,0.008024,0.011843,0.648332
ACGCCAGATGATTTCT-1,0.000039,0.135871,0.002365,0.121699,0.045781,0.694246
ACGCCAGTGCGTTTGC-1,0.506737,0.491668,0.000228,0.000228,0.000228,0.000911
ACGCCCAGCTGTCGAT-1,0.061977,0.498831,0.007082,0.014568,0.012076,0.405466
ACGCCGCTAGACGACC-1,0.000035,0.049436,0.048211,0.155965,0.081008,0.665345
ACGCGAAGTCAGACGA-1,0.005261,0.018942,0.013549,0.189184,0.188824,0.58424
ACGCGCTACACAGGGT-1,0.152191,0.843034,0.000682,0.000682,0.000682,0.002729
ACGCGGGCCAAGGACA-1,0.000011,0.000011,0.000011,0.565531,0.296045,0.138392
ACGCGTTTCTTAAGAG-1,0.081517,0.878723,0.000392,0.000392,0.000392,0.038585
ACGCTACTGAATGGGC-1,0.998979,0.000128,0.000128,0.000128,0.000128,0.000511
ACGCTAGTGATACACT-1,0.022936,0.307597,0.049765,0.036183,0.147871,0.435648
ACGCTGTGAGGCGTAG-1,0.000686,0.994509,0.000686,0.000686,0.000686,0.002745
ACGCTTAGTGTCTCTC-1,0.069136,0.386215,0.000059,0.000059,0.054505,0.490025
ACGGAACACGAGTGCC-1,0.823204,0.175975,0.000117,0.000117,0.000117,0.00047
ACGGAATTTAGCAAAT-1,0.12687,0.663266,0.000473,0.000473,0.000473,0.208444
ACGGACGCAGCGACAA-1,0.384526,0.611871,0.000515,0.000515,0.000515,0.002059
ACGGACTCTCAAAGCG-1,0.017187,0.114531,0.01979,0.114474,0.191556,0.542462
ACGGAGCGCAAATTAC-1,0.001636,0.129997,0.01238,0.091048,0.164269,0.600671
ACGGATGGTGCGGATA-1,0.130011,0.124318,0.008241,0.022864,0.303586,0.41098
ACGGCACTTGCTTGGG-1,0.008225,0.286481,0.00006,0.00006,0.093654,0.61152
ACGGCCAACATGGACT-1,0.004015,0.136843,0.085158,0.055665,0.127121,0.591197
ACGGCGACGATGGGAA-1,0.068749,0.203064,0.000027,0.03455,0.078412,0.615197
ACGGCGGGTTGCCCTG-1,0.224784,0.771772,0.000492,0.000492,0.000492,0.001968
ACGGCTGGATGTAGAA-1,0.319482,0.672495,0.001146,0.001146,0.001146,0.004585
ACGGGAGTGTCGGCCC-1,0.105572,0.489028,0.00029,0.00029,0.00029,0.404529
ACGGGCGTATGCGACA-1,0.000085,0.680761,0.089271,0.000085,0.000085,0.229714
ACGGGTCATGTGACTT-1,0.185255,0.813004,0.000249,0.000249,0.000249,0.000995
ACGGGTTGTGACCTGT-1,0.205578,0.792012,0.000344,0.000344,0.000344,0.001377
ACGGTACAGTTCAATG-1,0.457107,0.54112,0.000253,0.000253,0.000253,0.001013
ACGGTCACCGAGAACA-1,0.001112,0.991105,0.001112,0.001112,0.001112,0.004447
ACGTACAGATTTCTCT-1,0.010382,0.217959,0.000065,0.029071,0.051599,0.690923
ACGTACTTTGGCACGG-1,0.206077,0.646179,0.000235,0.000235,0.000235,0.147038
ACGTAGATTGCTGATG-1,0.000054,0.138871,0.000054,0.011627,0.141709,0.707685
ACGTAGGAGAGTCGCT-1,0.008459,0.348652,0.000046,0.005505,0.009564,0.627773
ACGTATTACTCCGATC-1,0.492018,0.430481,0.00052,0.00052,0.00052,0.075941
ACGTCGGGCAACTCGG-1,0.127051,0.871829,0.00016,0.00016,0.00016,0.00064
ACGTCTCGTTCCGGGA-1,0.102239,0.100764,0.00015,0.331238,0.00015,0.465458
ACGTGACAAAGTAAGT-1,0.00103,0.991764,0.001029,0.001029,0.001029,0.004118
ACGTGCGCCTCGTGCA-1,0.000033,0.000033,0.006461,0.262015,0.1361,0.595358
ACGTTAATGTCGAAGA-1,0.000025,0.057243,0.001065,0.056722,0.178989,0.705957
ACGTTAGATTTGCCCG-1,0.380628,0.342006,0.000226,0.000226,0.000226,0.276688
ACGTTATTGGTCACTC-1,0.11289,0.706631,0.000248,0.000248,0.023854,0.15613
ACGTTCACTATGCCGC-1,0.2314,0.271605,0.194488,0.000054,0.000054,0.3024
ACGTTCCGCGCTCCGT-1,0.126927,0.420221,0.000198,0.000128,0.000128,0.452398
ACGTTCGCAATCAATT-1,0.000036,0.771492,0.118471,0.000174,0.034027,0.075799
ACGTTCGTTCAGGAAA-1,0.000106,0.332965,0.000106,0.000106,0.000106,0.666611
ACGTTCTGTACAAGTC-1,0.148899,0.527128,0.000224,0.000224,0.049259,0.274266
ACGTTGTCGTTGAAAG-1,0.154139,0.71603,0.000247,0.000247,0.029039,0.100297
ACGTTTAGTTGTGATC-1,0.023412,0.047735,0.066208,0.062089,0.221908,0.578648
ACGTTTCGGTGCACTT-1,0.84831,0.000105,0.000105,0.150955,0.000105,0.00042
ACTAAGGACGCACACC-1,0.011201,0.834328,0.111448,0.000034,0.010807,0.032183
ACTAATACGTCAGGCG-1,0.02386,0.111699,0.016671,0.050422,0.214451,0.582896
ACTACATCCCGACAAG-1,0.149877,0.393023,0.000335,0.000335,0.305536,0.150894
ACTACCAGCTCTCTGG-1,0.082416,0.425842,0.000496,0.000496,0.000496,0.490252
ACTACCATCCGAGGGC-1,0.368649,0.629476,0.000268,0.000268,0.000268,0.001072
ACTAGTTGCGATCGTC-1,0.803965,0.191402,0.000662,0.000662,0.000662,0.002648
ACTATATGCTGTGTTC-1,0.075141,0.022868,0.095404,0.054414,0.095311,0.656863
ACTATCCAGGGCATGG-1,0.107405,0.744153,0.099498,0.000087,0.000087,0.04877
ACTATCGCCGGCTAAA-1,0.000343,0.820325,0.000343,0.000343,0.000343,0.178303
ACTATCTGCCCGCGTA-1,0.583793,0.265019,0.150678,0.000085,0.000085,0.00034
ACTATGTCCAGCTGCC-1,0.138977,0.856334,0.00067,0.00067,0.00067,0.002679
ACTATTCGTCCGTGGT-1,0.000071,0.085666,0.000071,0.041651,0.050298,0.822244
ACTATTTCCGGGCCCA-1,0.011838,0.320471,0.072225,0.000091,0.00441,0.590966
ACTCAACGAATGTATT-1,0.164044,0.833052,0.000415,0.000415,0.000415,0.00166
ACTCAAGTGCAAGGCT-1,0.229007,0.453497,0.01591,0.00007,0.032069,0.269448
ACTCAATAAAGGCACG-1,0.000018,0.006198,0.010888,0.27319,0.194713,0.514992
ACTCAGACCTGCTTCT-1,0.22398,0.773809,0.000316,0.000316,0.000316,0.001264
ACTCATGGCAGCCTTC-1,0.360239,0.617094,0.000383,0.000383,0.000383,0.021517
ACTCCAATATCATCAT-1,0.239843,0.432002,0.000132,0.064426,0.05437,0.209228
ACTCCCATTCCTAAAG-1,0.00089,0.992884,0.000889,0.00089,0.000889,0.003558
ACTCCCGAATTCGTTT-1,0.024392,0.116937,0.115723,0.184063,0.402048,0.156836
ACTCCCGTAGACTAGG-1,0.000026,0.386116,0.407348,0.073163,0.106392,0.026954
ACTCCCTAATGCTAAA-1,0.01131,0.044922,0.02446,0.171937,0.034828,0.712543
ACTCCCTAGAATAGTA-1,0.011866,0.060546,0.115073,0.131649,0.289651,0.391214
ACTCCGGCCGACCACT-1,0.256316,0.555257,0.000143,0.000143,0.000143,0.187999
ACTCGATGTATTTCAT-1,0.380337,0.616823,0.000406,0.000406,0.000406,0.001623
ACTCGCCGTTCGATAA-1,0.854636,0.00005,0.018116,0.126949,0.00005,0.000199
ACTCGCGATCTGACGC-1,0.000024,0.597533,0.371217,0.004124,0.012454,0.014648
ACTCGTAACCCGTCCT-1,0.244246,0.23908,0.000632,0.074972,0.000632,0.440438
ACTCGTCAGTAATCCC-1,0.06781,0.169562,0.026061,0.031211,0.256597,0.448759
ACTCTAAACCTGGGAT-1,0.063075,0.5464,0.000282,0.000282,0.000282,0.389679
ACTCTCTGACTTAGGT-1,0.036298,0.191339,0.00006,0.032725,0.03458,0.704997
ACTCTCTTATACACGA-1,0.000029,0.053605,0.013897,0.188457,0.464118,0.279895
ACTCTGACCTAATAGA-1,0.37234,0.571053,0.000214,0.000214,0.000214,0.055964
ACTCTTCAGCTCCCGC-1,0.000023,0.49212,0.417828,0.004465,0.059485,0.026078
ACTCTTGTATAGTAAC-1,0.021227,0.152264,0.002487,0.060107,0.15538,0.608535
ACTGAAACGCCGTTAG-1,0.464666,0.486636,0.000173,0.000173,0.000173,0.048179
ACTGAATGGCGAAAGT-1,0.002941,0.025843,0.0486,0.243744,0.381657,0.297215
ACTGATTTAGTGATTC-1,0.000466,0.321058,0.000055,0.001964,0.056738,0.619718
ACTGCCCGCCATTCTC-1,0.324085,0.317073,0.015125,0.000193,0.000193,0.343331
ACTGCCGTCGTAACTC-1,0.021232,0.188974,0.000045,0.012271,0.39014,0.387339
ACTGCGGACACACCGT-1,0.036097,0.369655,0.536768,0.000037,0.014134,0.043308
ACTGCTCGGAAGGATG-1,0.279097,0.711747,0.001308,0.001308,0.001308,0.005232
ACTGGCGAACCTGCGT-1,0.000016,0.420655,0.368873,0.023393,0.184637,0.002427
ACTGGGATGCCAGTGC-1,0.000547,0.002561,0.349796,0.048671,0.070683,0.527742
ACTGTACGATACACAT-1,0.005174,0.00002,0.021401,0.398624,0.413185,0.161596
ACTGTAGCACTTTGGA-1,0.087185,0.720996,0.000245,0.000245,0.000245,0.191084
ACTGTATACGCGAGCA-1,0.184617,0.553394,0.000221,0.000221,0.000221,0.261328
ACTGTCCAGGATTATA-1,0.058413,0.024024,0.033971,0.092395,0.024948,0.766248
ACTGTCTTCTTTAGAA-1,0.000048,0.002796,0.000048,0.219276,0.208486,0.569345
