Barcode,Topic 1,Topic 2,Topic 3,Topic 4,Topic 5,Topic 6to8,Topic 9,Topic 10
AAACAACGAATAGTTC-1,0.003031,0.00303,0.789971,0.003031,0.003031,0.009093,0.185781,0.003031
AAACAAGTATCTCCCA-1,0.000034,0.000034,0.000034,0.003991,0.007823,0.683464,0.196081,0.108539
AAACAATCTACTAGCA-1,0.125413,0.000412,0.370423,0.447422,0.000412,0.001235,0.054273,0.000412
AAACACCAATAACTGC-1,0.000935,0.000935,0.065287,0.000935,0.174589,0.002805,0.75358,0.000935
AAACAGAGCGACTCCT-1,0.000281,0.000281,0.153032,0.000281,0.61244,0.233123,0.000281,0.000281
AAACAGCTTTCAGAAG-1,0.00014,0.00014,0.643239,0.074774,0.00014,0.000421,0.281003,0.00014
AAACAGGGTCTATATT-1,0.000127,0.000127,0.072656,0.000127,0.227419,0.000382,0.541176,0.157984
AAACAGTGTTCCTGGG-1,0.029095,0.000111,0.000111,0.000111,0.271768,0.036351,0.662081,0.000372
AAACATGGTGAGAGGA-1,0.000106,0.000106,0.033544,0.000106,0.401814,0.000318,0.503258,0.060748
AAACATTTCCCGGATT-1,0.012854,0.000093,0.000093,0.00335,0.000093,0.606423,0.224438,0.152656
AAACCCGAACGAAATC-1,0.045433,0.000032,0.009334,0.002731,0.020859,0.651051,0.257338,0.013222
AAACCGGAAATGTTAA-1,0.000011,0.000011,0.017209,0.006369,0.014784,0.897401,0.050302,0.013913
AAACCGGGTAGGTACC-1,0.153253,0.000088,0.321771,0.00081,0.129477,0.000264,0.394248,0.000088
AAACCGTTCGTCCAGG-1,0.00006,0.00006,0.00006,0.00006,0.00006,0.024815,0.368469,0.606418
AAACCTAAGCAGCCGG-1,0.021266,0.00003,0.020217,0.00003,0.005653,0.734521,0.19432,0.023963
AAACCTCATGAAGTTG-1,0.000151,0.000151,0.318491,0.426765,0.000151,0.000454,0.253685,0.000151
AAACGAAGATGGAGTA-1,0.000084,0.000084,0.000084,0.000084,0.39302,0.000253,0.581243,0.025147
AAACGAGACGGTTGAT-1,0.001235,0.001235,0.001235,0.199477,0.289035,0.003705,0.455258,0.048821
AAACGGGCGTACGGGT-1,0.011281,0.000025,0.020802,0.000025,0.24584,0.556111,0.077973,0.087944
AAACGGGTTGGTATCC-1,0.0437,0.002273,0.938114,0.002274,0.002273,0.00682,0.002273,0.002273
AAACGGTTGCGAACTG-1,0.000093,0.000093,0.036473,0.000093,0.25127,0.317844,0.34291,0.051223
AAACTCGGTTCGCAAT-1,0.147138,0.00024,0.105155,0.00024,0.204664,0.00072,0.505521,0.036323
AAACTCGTGATATAAG-1,0.095966,0.001137,0.001137,0.001137,0.001137,0.00341,0.894941,0.001137
AAACTGCTGGCTCCAA-1,0.001042,0.001042,0.09746,0.001042,0.190301,0.003126,0.704945,0.001042
AAACTTAATTGCACGC-1,0.000667,0.000667,0.000667,0.000667,0.000667,0.002001,0.993999,0.000667
AAACTTGCAAACGTAT-1,0.000145,0.000145,0.068274,0.000145,0.094845,0.000435,0.666317,0.169694
AAAGAATGACCTTAGA-1,0.000214,0.000214,0.078593,0.000214,0.280392,0.023581,0.616577,0.000214
AAAGAATGTGGACTAA-1,0.000014,0.000014,0.006443,0.000014,0.11056,0.796564,0.035456,0.050934
AAAGACATGAAGTTTA-1,0.108002,0.000355,0.000355,0.000355,0.321253,0.001064,0.276605,0.292011
AAAGACCCAAGTCGCG-1,0.000051,0.000051,0.847587,0.077216,0.008472,0.042078,0.024493,0.000051
AAAGACTGGGCGCTTT-1,0.000137,0.000137,0.451625,0.393401,0.04484,0.000411,0.109313,0.000137
AAAGCTTGCCTACATA-1,0.000132,0.000132,0.000132,0.124933,0.000132,0.000397,0.385179,0.488962
AAAGGCCCTATAATAC-1,0.000294,0.000294,0.000294,0.000294,0.119483,0.000883,0.878164,0.000294
AAAGGCTACGGACCAT-1,0.18163,0.000292,0.038206,0.000292,0.101596,0.000877,0.676814,0.000292
AAAGGCTCTCGCGCCG-1,0.000337,0.000337,0.047962,0.000337,0.050828,0.00101,0.799387,0.099802
AAAGGGATGTAGCAAG-1,0.000047,0.000047,0.025512,0.000047,0.140904,0.186742,0.079544,0.567156
AAAGGGCAGCTTGAAT-1,0.000163,0.000163,0.000164,0.735888,0.000163,0.118091,0.10012,0.045246
AAAGGTAAGCTGTACC-1,0.027007,0.00037,0.458021,0.120547,0.00037,0.151407,0.241907,0.00037
AAAGTAGCATTGCTCA-1,0.000098,0.000098,0.000098,0.000098,0.497502,0.164531,0.205481,0.132096
AAAGTCGACCCTCAGT-1,0.000111,0.000111,0.469868,0.386774,0.084508,0.000334,0.058182,0.000111
AAAGTGCCATCAATTA-1,0.00004,0.00004,0.016467,0.013279,0.122819,0.736086,0.095416,0.015854
AAAGTGTGATTTATCT-1,0.000119,0.000119,0.000119,0.000119,0.000119,0.38866,0.610465,0.000282
AAAGTTGACTCCCGTA-1,0.00004,0.00004,0.056928,0.00004,0.004268,0.796747,0.124139,0.017797
AAATAACCATACGGGA-1,0.000388,0.000388,0.000388,0.029012,0.01807,0.001163,0.802456,0.148135
AAATAAGGTAGTGCCC-1,0.001471,0.001471,0.001471,0.001471,0.193889,0.004413,0.794343,0.001471
AAATACCTATAAGCAT-1,0.000274,0.000274,0.000274,0.008853,0.450925,0.28843,0.156742,0.094228
AAATAGCTTAGACTTT-1,0.000039,0.000039,0.000039,0.006697,0.247052,0.566813,0.087219,0.092101
AAATAGGGTGCTATTG-1,0.029831,0.000055,0.104857,0.000055,0.328517,0.371639,0.074962,0.090085
AAATCCGATACACGCC-1,0.003496,0.000034,0.000034,0.000034,0.022888,0.716982,0.255186,0.001346
AAATCGCGGAAGGAGT-1,0.000114,0.000114,0.071319,0.000114,0.221233,0.000343,0.706647,0.000114
AAATCGTGTACCACAA-1,0.000147,0.000147,0.023246,0.000147,0.000147,0.000441,0.663674,0.31205
AAATCTAGCCCTGCTA-1,0.000076,0.000076,0.000076,0.000076,0.016788,0.55568,0.41741,0.009817
AAATCTGCCCGCGTCC-1,0.0001,0.0001,0.0001,0.0001,0.480275,0.000301,0.518922,0.0001
AAATGATTCGATCAGC-1,0.190262,0.001755,0.097034,0.001755,0.101387,0.005265,0.297369,0.305174
AAATGCTCGTTACGTT-1,0.000218,0.000218,0.461538,0.400655,0.000218,0.050707,0.086227,0.000218
AAATGGCATGTCTTGT-1,0.000141,0.000141,0.038302,0.268152,0.000141,0.108159,0.467183,0.11778
AAATGGCCCGTGCCCT-1,0.000184,0.000184,0.24745,0.000184,0.091599,0.000553,0.659661,0.000184
AAATGGTCAATGTGCC-1,0.00025,0.00025,0.00025,0.00025,0.00025,0.00075,0.997749,0.00025
AAATGTATCTTATCCC-1,0.000073,0.000073,0.501806,0.030546,0.156163,0.278598,0.032668,0.000073
AAATGTGGGTGCTCCT-1,0.134977,0.00011,0.441462,0.1927,0.200075,0.030456,0.00011,0.00011
AAATTAACGGGTAGCT-1,0.000901,0.000901,0.000901,0.002194,0.000901,0.002703,0.990597,0.000901
AAATTAATAAGCGCGA-1,0.000018,0.000018,0.164593,0.015188,0.509644,0.216188,0.000018,0.094333
AAATTACACGACTCTG-1,0.000107,0.000107,0.000107,0.000107,0.085601,0.140582,0.022087,0.7513
AAATTACCTATCGATG-1,0.179816,0.001515,0.129283,0.001516,0.001516,0.004547,0.680292,0.001516
AAATTCCAGGTCCAAA-1,0.000024,0.000024,0.000024,0.018624,0.001393,0.843895,0.118655,0.017361
AAATTGATAGTCCTTT-1,0.000075,0.000075,0.000075,0.000075,0.591459,0.106166,0.125265,0.176811
AAATTGCGGCGGTTCT-1,0.002704,0.002703,0.311242,0.002703,0.002703,0.00811,0.667131,0.002703
AAATTTACCGAAATCC-1,0.000258,0.000258,0.308514,0.000258,0.000258,0.035353,0.654841,0.000258
AAATTTGCGGGTGTGG-1,0.000163,0.000163,0.082285,0.000163,0.000163,0.000488,0.916414,0.000163
AACAACTGGTAGTTGC-1,0.052147,0.000165,0.010845,0.4128,0.10099,0.000494,0.422395,0.000165
AACAATACATTGTCGA-1,0.053898,0.000463,0.000463,0.000463,0.281357,0.001389,0.661503,0.000463
AACAATTACTCTACGC-1,0.000158,0.000157,0.000158,0.83941,0.130689,0.000473,0.000158,0.028797
AACACACGCTCGCCGC-1,0.000058,0.000058,0.000058,0.000058,0.018891,0.558815,0.418744,0.003318
AACACGACTGTACTGA-1,0.000051,0.000051,0.822842,0.032535,0.031504,0.000153,0.083009,0.029853
AACACGAGACGCGGCC-1,0.000098,0.000098,0.052845,0.000098,0.454275,0.074776,0.36569,0.05212
AACACGCGGCCGCGAA-1,0.175351,0.00125,0.275538,0.00125,0.00125,0.003751,0.540358,0.00125
AACAGCTGTGTGGCAA-1,0.002929,0.000145,0.07029,0.000145,0.571764,0.022192,0.327619,0.004916
AACAGGAAATCGAATA-1,0.033247,0.000082,0.045839,0.236091,0.08848,0.153205,0.370212,0.072844
AACAGGATGGGCCGCG-1,0.000181,0.000181,0.133832,0.613526,0.000181,0.148222,0.032633,0.071244
AACAGGTAGTATGGAT-1,0.00002,0.00002,0.00002,0.00002,0.022085,0.927228,0.035689,0.014918
AACATAGCGTGTATCG-1,0.000026,0.000026,0.000026,0.000026,0.049021,0.781206,0.09966,0.070009
AACATATCAACTGGTG-1,0.229095,0.00164,0.00164,0.00164,0.403473,0.004919,0.355954,0.00164
AACATTGAAGTTGATC-1,0.00008,0.00008,0.00008,0.00008,0.507752,0.208191,0.192043,0.091693
AACATTGGTCAGCCGT-1,0.321663,0.003704,0.240739,0.003705,0.003705,0.011114,0.411664,0.003705
AACATTGTGACTCGAG-1,0.00034,0.00034,0.00034,0.00034,0.2039,0.057027,0.737371,0.00034
AACCAAGACTTCTCTG-1,0.000154,0.000154,0.186068,0.603856,0.071929,0.000461,0.137225,0.000154
AACCAGTATCACTCTT-1,0.092554,0.001334,0.001334,0.001334,0.218103,0.004001,0.680007,0.001334
AACCATAGGGTTGAAC-1,0.000455,0.000455,0.031672,0.000455,0.000455,0.001364,0.96469,0.000455
AACCATGGGATCGCTA-1,0.000127,0.000127,0.669195,0.141674,0.077126,0.000382,0.051409,0.059958
AACCCAGAGACGGAGA-1,0.000071,0.000071,0.858045,0.141016,0.000071,0.000213,0.000443,0.000071
AACCCATCCCATGATC-1,0.000505,0.000505,0.114496,0.000505,0.264184,0.001516,0.540861,0.077429
AACCCGACAACCCGTG-1,0.000169,0.000169,0.041781,0.000169,0.193267,0.000508,0.763767,0.000169
AACCCGAGCAGAATCG-1,0.010912,0.000033,0.010112,0.004346,0.035663,0.907913,0.00629,0.02473
AACCCGCTGTATTCCA-1,0.022357,0.000093,0.000093,0.082672,0.357537,0.176935,0.350069,0.010244
AACCCTACTGTCAATA-1,0.000097,0.000097,0.114746,0.006233,0.007478,0.425132,0.422866,0.023351
AACCCTGGTGGAACCA-1,0.000044,0.000044,0.785064,0.000059,0.000044,0.052766,0.10639,0.055591
AACCGAGCTTGGTCAT-1,0.000094,0.000094,0.02112,0.053171,0.444694,0.104154,0.295751,0.080922
AACCGCTAAGGGATGC-1,0.000059,0.000059,0.000059,0.000059,0.000059,0.564869,0.425341,0.009495
AACCGTTGTGTTTGCT-1,0.000096,0.000096,0.941556,0.000096,0.000096,0.000288,0.000096,0.057676
AACCTAAAGCCGTCCG-1,0.000087,0.000087,0.673468,0.000087,0.000087,0.131766,0.137149,0.057267
AACCTCGCTTTAGCCC-1,0.000107,0.000107,0.000107,0.000107,0.003673,0.446972,0.247309,0.301617
AACCTGTCACGGAATT-1,0.000047,0.000047,0.000047,0.011407,0.016439,0.690775,0.179519,0.101718
AACCTTTAAATACGGT-1,0.134403,0.000459,0.000459,0.164658,0.10631,0.001377,0.591877,0.000459
AACCTTTACGACGTCT-1,0.002128,0.002128,0.196043,0.002128,0.002128,0.006385,0.786931,0.002128
AACGAAAGTCGTCCCA-1,0.000083,0.000083,0.001175,0.000083,0.156445,0.000248,0.807194,0.034689
AACGACCTCCTAGCCG-1,0.000069,0.000069,0.004606,0.005574,0.036175,0.686929,0.261794,0.004782
AACGATAATGCCGTAG-1,0.000377,0.000377,0.04975,0.000377,0.000377,0.151944,0.796418,0.000377
AACGATAGAAGGGCCG-1,0.000095,0.000095,0.801036,0.054587,0.000095,0.000286,0.143709,0.000095
AACGATATGTCAACTG-1,0.041351,0.00031,0.023674,0.00031,0.00031,0.000929,0.932697,0.000419
AACGCATGATCTGGGT-1,0.003705,0.003704,0.003705,0.003705,0.003705,0.011114,0.966657,0.003705
AACGCGAACGGCAACA-1,0.147653,0.001695,0.420309,0.42017,0.001695,0.005086,0.001695,0.001695
AACGCGACCTTGGGCG-1,0.000205,0.000205,0.000205,0.083763,0.111111,0.000616,0.803689,0.000205
AACGCGGTCTCCAGCC-1,0.039295,0.000208,0.095275,0.000208,0.000208,0.000624,0.863974,0.000208
AACGCTGTTGCTGAAA-1,0.000081,0.000081,0.000081,0.000081,0.000081,0.507493,0.470073,0.022027
AACGGACGTACGTATA-1,0.000033,0.000033,0.000033,0.004326,0.014308,0.815538,0.149697,0.016032
AACGGCCATCTCCGGT-1,0.022827,0.000217,0.000217,0.000217,0.000217,0.000651,0.924747,0.050907
AACGTACTGTGGGTAC-1,0.000184,0.000184,0.15738,0.130381,0.000184,0.000552,0.684455,0.026682
AACGTAGTCTACCCAT-1,0.114686,0.003847,0.003847,0.487007,0.166784,0.011542,0.20844,0.003847
AACGTCAGACTAGTGG-1,0.00017,0.00017,0.00017,0.68334,0.00017,0.130218,0.167664,0.018099
AACGTCGCTGCACTTC-1,0.000022,0.000022,0.000022,0.000022,0.010107,0.954006,0.021747,0.014052
AACGTGATGAAGGACA-1,0.000714,0.000714,0.000715,0.108287,0.000715,0.002144,0.885997,0.000715
AACGTGCGAAAGTCTC-1,0.1634,0.001667,0.001667,0.001667,0.001667,0.005001,0.823263,0.001667
AACTACCCGTTTGTCA-1,0.000079,0.000079,0.000079,0.000079,0.000079,0.499,0.489823,0.010783
AACTAGCGTATCGCAC-1,0.036593,0.000595,0.48014,0.000595,0.000595,0.001786,0.4791,0.000595
AACTAGGCTTGGGTGT-1,0.108675,0.000463,0.21659,0.000463,0.000463,0.162199,0.44263,0.068516
AACTCAAGTTAATTGC-1,0.000065,0.000065,0.018052,0.038538,0.035292,0.10599,0.417417,0.384582
AACTCCAGAGCGTGTT-1,0.000128,0.000128,0.000128,0.000128,0.072966,0.651103,0.129254,0.146164
AACTCCTAATCCCATG-1,0.001853,0.001852,0.250115,0.001852,0.001852,0.005557,0.423839,0.313079
AACTCGATAAACACGT-1,0.002704,0.002703,0.379737,0.002704,0.002703,0.008111,0.598635,0.002703
AACTCGATGGCGCAGT-1,0.109699,0.000213,0.553597,0.106615,0.000213,0.00064,0.228808,0.000213
AACTCTCAATAGAGCG-1,0.000182,0.000182,0.000182,0.000182,0.273771,0.441127,0.14446,0.139916
AACTCTCAGTGTGCTC-1,0.000129,0.000129,0.041717,0.000129,0.000129,0.000387,0.728833,0.228547
AACTGATATTAGGCCT-1,0.000192,0.000192,0.000192,0.415867,0.000192,0.000577,0.582594,0.000192
AACTGGGTCCCGACGT-1,0.020962,0.000075,0.181459,0.000075,0.256104,0.267931,0.234808,0.038587
AACTGGGTTCGAGCCG-1,0.050535,0.000369,0.00085,0.000369,0.000369,0.001107,0.946031,0.000369
AACTGGTGTGGGCCTT-1,0.000095,0.000095,0.999142,0.000095,0.000095,0.000286,0.000095,0.000095
AACTTGCCCGTATGCA-1,0.00018,0.00018,0.00018,0.73993,0.00018,0.00054,0.222612,0.036199
AACTTGCGTTCTCGCG-1,0.000136,0.000136,0.906754,0.000136,0.000136,0.000408,0.092159,0.000136
AACTTTACGGGAGCTT-1,0.000052,0.000052,0.179907,0.038532,0.517235,0.184701,0.000052,0.079469
AACTTTAGCTGCTGAG-1,0.120668,0.000117,0.778264,0.000117,0.000117,0.000351,0.10025,0.000117
AAGAAAGTTTGATGGG-1,0.000072,0.000072,0.000072,0.000072,0.020493,0.000215,0.978933,0.000072
AAGAAGGATCAGTTAG-1,0.000115,0.000115,0.828271,0.086097,0.03449,0.000345,0.050452,0.000115
AAGACATACGTGGTTT-1,0.000035,0.000035,0.000035,0.010986,0.085386,0.843557,0.000035,0.059931
AAGACCAAATAACTCA-1,0.000048,0.000048,0.078154,0.005577,0.265756,0.040304,0.599176,0.010937
AAGACCCAACTGAACA-1,0.000072,0.000072,0.000072,0.000072,0.509676,0.22294,0.267024,0.000072
AAGACTAACCCGTTGT-1,0.00345,0.003448,0.346494,0.003449,0.003449,0.010347,0.625914,0.003449
AAGACTCACGCCCACT-1,0.000253,0.000253,0.000253,0.142526,0.520077,0.141777,0.07803,0.116832
AAGACTGCAAGCTACT-1,0.000521,0.000521,0.000521,0.000521,0.339355,0.001563,0.656478,0.000521
AAGAGATGAATCGGTA-1,0.030061,0.000177,0.021202,0.792342,0.000177,0.063211,0.092653,0.000177
AAGAGCTCTTTATCGG-1,0.038725,0.000146,0.000146,0.000146,0.560784,0.359407,0.000146,0.040501
AAGAGGATGTACGCGA-1,0.000256,0.000256,0.148893,0.222064,0.000256,0.000769,0.627248,0.000256
AAGAGGCATGGATCGC-1,0.001539,0.001539,0.001539,0.001539,0.001539,0.204798,0.68024,0.107267
AAGAGGCCCTTTGGAA-1,0.000128,0.000128,0.000128,0.000128,0.021473,0.689116,0.28877,0.000128
AAGATGGCACCGGACC-1,0.000244,0.000244,0.000244,0.000244,0.266909,0.000732,0.718559,0.012824
AAGATTGGCGGAACGT-1,0.002942,0.002941,0.341097,0.287321,0.002942,0.008825,0.350991,0.002942
AAGCACCCTGCGTATC-1,0.057343,0.00084,0.000841,0.000841,0.000841,0.002522,0.923026,0.013748
AAGCATACTCTCCTGA-1,0.076056,0.000204,0.085015,0.000204,0.466112,0.000611,0.225623,0.146174
AAGCCACTTGCAGGTA-1,0.000062,0.000062,0.050932,0.000062,0.443056,0.000186,0.505578,0.000062
AAGCCGAAGCGGTTTA-1,0.000032,0.000032,0.000032,0.000032,0.029838,0.838796,0.11618,0.01506
AAGCCGCCGTGAAATC-1,0.058874,0.000095,0.039186,0.000095,0.687917,0.014155,0.191391,0.008288
AAGCCGGAGAGCAGGA-1,0.000029,0.000029,0.000029,0.000029,0.033641,0.856547,0.005461,0.104235
AAGCGCAGGGCTTTGA-1,0.000094,0.000094,0.000094,0.105419,0.18111,0.304511,0.225407,0.18327
AAGCGGCGTCATGGGT-1,0.005001,0.005002,0.005001,0.005001,0.005001,0.015003,0.954989,0.005002
AAGCGTCCCTCATCGA-1,0.000093,0.000093,0.044442,0.000093,0.954814,0.000279,0.000093,0.000093
AAGCTAGATCGAGTAA-1,0.000447,0.000446,0.082372,0.000447,0.000447,0.00134,0.914055,0.000447
AAGCTCGTGCCAAGTC-1,0.000662,0.000662,0.000662,0.054472,0.000662,0.428115,0.000662,0.514101
AAGCTCTTTCATGGTG-1,0.000113,0.000113,0.000113,0.000113,0.066491,0.420976,0.314744,0.197337
AAGGAGAACTTATAAG-1,0.084678,0.000123,0.813514,0.033574,0.000123,0.000368,0.067499,0.000123
AAGGAGCGGTTGGTGC-1,0.000196,0.000196,0.065127,0.014567,0.15911,0.000587,0.760022,0.000196
AAGGATCGATCGCTTG-1,0.000061,0.000061,0.000061,0.000061,0.000061,0.611481,0.344706,0.043509
AAGGATGAGGGACCTC-1,0.153955,0.0025,0.333939,0.002501,0.293007,0.007502,0.204096,0.002501
AAGGCAGGCTGTCTCC-1,0.000049,0.000049,0.01738,0.001842,0.005933,0.688786,0.21391,0.072052
AAGGCGCGTAAAGCTT-1,0.021886,0.000136,0.084196,0.566042,0.02179,0.000408,0.305407,0.000136
AAGGCTGTGCTCATCG-1,0.000225,0.000225,0.117161,0.009937,0.000225,0.000676,0.871326,0.000225
AAGGGAACGACTGGCT-1,0.000117,0.000117,0.000117,0.000117,0.55334,0.236754,0.192314,0.017125
AAGGGACAGATTCTGT-1,0.002274,0.002273,0.002273,0.002273,0.002273,0.00682,0.97954,0.002273
AAGGGACTATGCATTC-1,0.000524,0.000524,0.000524,0.000524,0.354777,0.001571,0.436239,0.205318
AAGGGTTTGATTTCAG-1,0.000175,0.000175,0.170843,0.000175,0.140552,0.000527,0.687377,0.000175
AAGGTATCCTAATATA-1,0.00087,0.00087,0.048084,0.00087,0.00087,0.285607,0.66196,0.00087
AAGGTGATAAACCAGC-1,0.017018,0.000029,0.006883,0.00192,0.058324,0.896508,0.015894,0.003423
AAGTAAGCTTCCAAAC-1,0.228315,0.002041,0.41365,0.002041,0.002041,0.006124,0.343746,0.002041
AAGTAGAAGACCGGGT-1,0.000132,0.000132,0.349215,0.454997,0.000132,0.04818,0.140476,0.006736
AAGTAGTGACGCGAGG-1,0.078797,0.00015,0.265748,0.400917,0.00015,0.023555,0.230533,0.00015
AAGTCAATTGTCGTCA-1,0.000058,0.000058,0.000058,0.00839,0.027266,0.652636,0.272641,0.038895
AAGTCTTCTGTGGCCT-1,0.000179,0.000179,0.127749,0.209748,0.178309,0.191405,0.283906,0.008524
AAGTGACGACCGAATT-1,0.000191,0.00019,0.245276,0.000191,0.000191,0.000572,0.7532,0.000191
AAGTGAGTCGGGTTTA-1,0.000725,0.000725,0.000725,0.04342,0.000725,0.002175,0.950782,0.000725
AAGTGCAAAGGTAGAC-1,0.000211,0.000211,0.150579,0.594346,0.000211,0.101403,0.15283,0.000211
AAGTGCCTTGACTGTA-1,0.000648,0.000025,0.019187,0.000025,0.018761,0.893535,0.055428,0.012392
AAGTGCGTTAGAATCT-1,0.000122,0.000122,0.019632,0.011642,0.210561,0.125617,0.632183,0.000122
AAGTGCTTCTCTATTG-1,0.000186,0.000186,0.000186,0.000186,0.198515,0.000559,0.799995,0.000186
AAGTGTTTGGAGACGG-1,0.000131,0.000131,0.059142,0.033501,0.000131,0.553242,0.353592,0.000131
AAGTTCACTCCAAGCT-1,0.000073,0.000073,0.000073,0.025343,0.021868,0.664064,0.250454,0.038053
AAGTTCAGTCTGCGTA-1,0.183799,0.002174,0.002175,0.002174,0.23064,0.006524,0.570339,0.002175
AAGTTCGGCCAACAGG-1,0.064683,0.000259,0.000259,0.000259,0.000259,0.000777,0.933244,0.000259
AAGTTGTGATGTTATA-1,0.000035,0.000035,0.000035,0.000035,0.008758,0.89888,0.049781,0.042442
AAGTTTACTAATGGCA-1,0.00009,0.00009,0.800947,0.00009,0.063602,0.00027,0.107433,0.027477
AAGTTTATGGGCCCAA-1,0.062067,0.000113,0.127474,0.000113,0.041375,0.076,0.692744,0.000113
AATAACAACGCTCGGC-1,0.000159,0.000159,0.000159,0.731496,0.000159,0.000476,0.248861,0.018532
AATAACACTAGAACAA-1,0.12372,0.000125,0.080527,0.062701,0.189958,0.000375,0.248195,0.294398
AATAAGTCCTCGAGAC-1,0.000037,0.000037,0.881744,0.003349,0.024316,0.003487,0.000037,0.086994
AATAATCTTCGTATCG-1,0.000013,0.000013,0.000013,0.006053,0.006525,0.987359,0.000013,0.000013
AATACAATGTTTCAGG-1,0.000253,0.000253,0.246387,0.559296,0.000253,0.00076,0.192545,0.000253
AATACCGGAGGGCTGT-1,0.101327,0.000255,0.055368,0.000255,0.186536,0.000766,0.655238,0.000255
AATACCTGATGTGAAC-1,0.000017,0.000017,0.006221,0.001637,0.144417,0.760615,0.0648,0.022275
AATAGAACAGAGTGGC-1,0.000049,0.000049,0.000049,0.000049,0.000049,0.057173,0.03072,0.911863
AATAGAATCTGTTTCA-1,0.000053,0.000053,0.000053,0.000053,0.021348,0.774666,0.197162,0.006611
AATAGCTACCGCGTGC-1,0.113196,0.001667,0.122517,0.001667,0.001667,0.005002,0.752616,0.001667
AATAGTCCGTCCCGAC-1,0.141936,0.000405,0.000405,0.000405,0.492739,0.00917,0.354536,0.000405
AATATCAAGGTCGGAT-1,0.001017,0.000142,0.947485,0.050505,0.000142,0.000426,0.000142,0.000142
AATATCCTAGCAAACT-1,0.000078,0.000078,0.508089,0.027294,0.04842,0.000235,0.415655,0.000149
AATATCGAATCAATGC-1,0.000034,0.000034,0.006688,0.000034,0.034145,0.762707,0.098363,0.097997
AATATCGAGGGTTCTC-1,0.232569,0.002565,0.002565,0.059006,0.002565,0.235604,0.462561,0.002565
AATATTGGAGTATTGA-1,0.000277,0.000277,0.316279,0.515034,0.000277,0.000831,0.166747,0.000277
AATCAGACTGCAGGAC-1,0.281309,0.004,0.004001,0.563158,0.127526,0.012003,0.004001,0.004001
AATCAGGTTTCATTTA-1,0.000441,0.000441,0.000441,0.000441,0.055072,0.001322,0.941402,0.000441
AATCATGTAAAGACTC-1,0.000066,0.000066,0.000066,0.000066,0.000066,0.640798,0.346777,0.012095
AATCCAAGGGCCTGAG-1,0.00009,0.00009,0.740639,0.223759,0.00009,0.000269,0.034975,0.00009
AATCCATGCAAGGGTG-1,0.227807,0.001613,0.565251,0.001613,0.001613,0.00484,0.195648,0.001613
AATCGCCTCAGCGCCA-1,0.084274,0.000386,0.176125,0.000386,0.283604,0.001159,0.453679,0.000386
AATCGCGCAGAGGACT-1,0.000045,0.000045,0.012186,0.000045,0.002978,0.756717,0.212977,0.015007
AATCGGTATAGCCCTC-1,0.000056,0.000056,0.029443,0.000056,0.002364,0.705477,0.237636,0.024912
AATCGTGAGCCGAGCA-1,0.000032,0.000032,0.000032,0.007357,0.12962,0.521725,0.061984,0.279217
AATCTAGGTTTACTTG-1,0.000368,0.000368,0.088517,0.000368,0.181044,0.001103,0.727865,0.000368
AATCTATGCCGGAGCC-1,0.002381,0.002381,0.002381,0.002382,0.002382,0.304605,0.681106,0.002382
AATCTCTACTGTGGTT-1,0.00029,0.00029,0.285724,0.360462,0.055535,0.135957,0.161452,0.00029
AATCTGCGTTGGGACG-1,0.232437,0.000236,0.059858,0.000236,0.058604,0.316879,0.331514,0.000236
AATCTGGCTTTCTAGT-1,0.000112,0.000112,0.050944,0.000112,0.734017,0.101113,0.110237,0.003352
AATCTGGGTAGACCCT-1,0.000162,0.000162,0.496924,0.057843,0.185493,0.061861,0.136299,0.061254
AATGACAGCAATGTCT-1,0.000211,0.000211,0.187542,0.000211,0.020522,0.000632,0.790462,0.000211
AATGACGTAGGATGTC-1,0.000827,0.000826,0.155376,0.000827,0.000827,0.252057,0.588434,0.000827
AATGACTGTCAGCCGG-1,0.00015,0.00015,0.00015,0.67406,0.00015,0.000451,0.324738,0.00015
AATGAGTTCGCATATG-1,0.000151,0.000151,0.815631,0.000151,0.055745,0.000454,0.072633,0.055083
AATGATGATACGCTAT-1,0.002703,0.002704,0.002704,0.002704,0.002703,0.00811,0.975668,0.002704
AATGATGCGACTCCTG-1,0.005265,0.005264,0.035564,0.005265,0.005265,0.015794,0.922319,0.005265
AATGCAACCGGGTACC-1,0.000127,0.000127,0.000127,0.126959,0.000127,0.000381,0.852202,0.019949
AATGCACCAAGCAATG-1,0.357234,0.002564,0.002565,0.002565,0.002565,0.007695,0.622247,0.002565
AATGGTCCACCGTTCA-1,0.000056,0.000056,0.863326,0.125343,0.000056,0.011053,0.000056,0.000056
AATGGTTCTCACAAGC-1,0.000157,0.000157,0.68586,0.198091,0.000157,0.00047,0.114951,0.000157
AATGTATGGCACTGTA-1,0.000138,0.000138,0.000138,0.000138,0.659972,0.103452,0.235884,0.000138
AATGTGCCCGAGGTGT-1,0.000426,0.000426,0.045656,0.000426,0.190445,0.001277,0.603996,0.157349
AATGTGCTAATCTGAG-1,0.001053,0.001053,0.001053,0.001053,0.20446,0.003159,0.787117,0.001053
AATGTTAAGACCCTGA-1,0.000017,0.000017,0.000017,0.000017,0.043246,0.938863,0.001752,0.01607
AATGTTGTCGTGAGAC-1,0.00004,0.00004,0.004566,0.00004,0.049406,0.764758,0.065535,0.115615
AATTAAAGGTCGGCGT-1,0.033433,0.000076,0.000076,0.030544,0.155159,0.118478,0.027327,0.634907
AATTAACGGATTTCCA-1,0.000154,0.000154,0.035505,0.000154,0.563078,0.215726,0.180943,0.004286
AATTACGAGACCCATC-1,0.000262,0.000262,0.000262,0.000262,0.037963,0.000786,0.959942,0.000262
AATTACTCGTACGCTC-1,0.092063,0.001724,0.476441,0.308271,0.001725,0.005174,0.001725,0.112877
AATTAGCGCTGCAGCG-1,0.000585,0.000585,0.000585,0.000585,0.000585,0.001755,0.994735,0.000585
AATTATACCCAGCAAG-1,0.000027,0.000027,0.010147,0.000611,0.10209,0.799874,0.000656,0.086567
AATTCATAAGGGATCT-1,0.177528,0.003334,0.319325,0.003334,0.220518,0.010003,0.262624,0.003334
AATTCATTGTCATGCA-1,0.0004,0.0004,0.076539,0.0004,0.29665,0.0012,0.62401,0.0004
AATTCCAACTTGGTGA-1,0.012275,0.002703,0.603128,0.002703,0.002704,0.068206,0.305577,0.002703
AATTCCAAGCATGTAC-1,0.000141,0.000141,0.052713,0.000141,0.303269,0.108722,0.534731,0.000141
AATTCGATTCGAGGAT-1,0.0826,0.000055,0.039305,0.000055,0.518197,0.338322,0.000055,0.021412
AATTCTAGAGTTAGGC-1,0.058498,0.000518,0.236608,0.012186,0.182713,0.001555,0.507404,0.000518
AATTGAACGCTCTGGT-1,0.000277,0.000277,0.000277,0.000277,0.000277,0.335179,0.662502,0.000934
AATTGCAGCAATCGAC-1,0.00003,0.00003,0.00003,0.00003,0.045746,0.686068,0.188512,0.079555
AATTGCGTGGATTACA-1,0.000326,0.000326,0.215309,0.000326,0.453624,0.000977,0.328786,0.000326
AATTGTGGTTGCCAAA-1,0.000036,0.000036,0.000036,0.000036,0.0828,0.831604,0.032011,0.053441
AATTTGGGACATAGTA-1,0.001924,0.001923,0.001924,0.001924,0.001924,0.005771,0.982687,0.001924
AATTTGGTTCCAAAGA-1,0.000097,0.000097,0.5736,0.199159,0.000097,0.035893,0.107062,0.083995
ACAAACCATGCGTCCT-1,0.000449,0.000448,0.000449,0.000449,0.116425,0.001346,0.879987,0.000449
ACAAACCGACAAGGCG-1,0.000061,0.000061,0.887001,0.000061,0.000061,0.049832,0.04864,0.014285
ACAAAGAAGGTAGGCC-1,0.000067,0.000067,0.683276,0.077663,0.000067,0.038544,0.200251,0.000067
ACAAAGCATGACCTAG-1,0.000036,0.000036,0.000815,0.000036,0.036283,0.854237,0.093272,0.015285
ACAAATCGCACCGAAT-1,0.032717,0.000037,0.029163,0.000037,0.045869,0.656046,0.208801,0.027331
ACAAATGGTAGTGTTT-1,0.000171,0.000171,0.000171,0.000171,0.000171,0.209384,0.682683,0.107078
ACAACAGCATGAGCTA-1,0.181618,0.000662,0.000662,0.000662,0.140724,0.099791,0.575218,0.000662
ACAACGGTCCCTGCGA-1,0.019232,0.000165,0.058921,0.662989,0.063571,0.075692,0.000165,0.119264
ACAAGCAGTGCCTAGC-1,0.000125,0.000125,0.097288,0.501514,0.009546,0.179002,0.172424,0.039976
ACAAGCTATATGGAAG-1,0.00002,0.00002,0.101515,0.051216,0.687826,0.110726,0.00002,0.048656
ACAAGGAAATCCGCCC-1,0.00087,0.00087,0.00087,0.00087,0.00087,0.002609,0.992172,0.00087
ACAAGGACAAGAGGTT-1,0.043892,0.000153,0.056075,0.406237,0.000153,0.00046,0.492876,0.000153
ACAAGGATGCTTTAGG-1,0.000063,0.000063,0.01922,0.000063,0.000063,0.836956,0.105189,0.038382
ACAAGGGCAGGCTCTG-1,0.194222,0.37324,0.000714,0.000714,0.000714,0.002143,0.427536,0.000715
ACAATAGTCGTACGTT-1,0.0274,0.000166,0.374505,0.000166,0.087602,0.000498,0.482403,0.02726
ACAATCCATTTAAACC-1,0.000137,0.000137,0.049717,0.534614,0.000137,0.067172,0.34795,0.000137
ACAATCGATCTTTATA-1,0.000091,0.000091,0.831117,0.081744,0.033921,0.052852,0.000091,0.000091
ACAATGAATACGGAGA-1,0.034158,0.000122,0.044297,0.009402,0.513938,0.194559,0.203401,0.000122
ACAATTGTGTCTCTTT-1,0.000053,0.000053,0.001294,0.000053,0.030618,0.689641,0.13003,0.148258
ACAATTTAGGAGGCTC-1,0.00007,0.00007,0.737664,0.065489,0.069462,0.008462,0.027937,0.090844
ACAATTTGAGCAGTGG-1,0.312744,0.003125,0.181789,0.003126,0.003126,0.009378,0.483586,0.003126
ACACAAAGACGGGTGG-1,0.000235,0.000235,0.081405,0.037095,0.000235,0.000706,0.879853,0.000235
ACACACCAGGACCAGT-1,0.000038,0.000038,0.000038,0.000038,0.007384,0.87747,0.112297,0.002696
ACACACTTTCTACACG-1,0.000168,0.000168,0.272461,0.43215,0.000168,0.000504,0.294212,0.000168
ACACATGATCAAATCT-1,0.147799,0.0008,0.0008,0.0008,0.0008,0.002401,0.845799,0.0008
ACACATTGACGCAACA-1,0.001031,0.001031,0.5215,0.001031,0.001031,0.003094,0.470251,0.001031
ACACATTTCCGTAGAC-1,0.105568,0.000137,0.036161,0.000137,0.182203,0.22486,0.418972,0.031962
ACACCACATAATTAGC-1,0.001042,0.001042,0.001042,0.001042,0.127833,0.098206,0.216774,0.553019
ACACCCAGCATGCAGC-1,0.016907,0.000259,0.105832,0.215829,0.000259,0.000777,0.659876,0.000259
ACACCCGAGAAATCCG-1,0.000054,0.000054,0.999516,0.000054,0.000054,0.000161,0.000054,0.000054
ACACCGAGCGCTCTTT-1,0.000183,0.000183,0.756656,0.000183,0.000183,0.000549,0.241882,0.000183
ACACCGGTCTGACCGC-1,0.000115,0.000115,0.000116,0.000116,0.592222,0.019406,0.387795,0.000116
ACACCTTAAGTAGGGC-1,0.000168,0.000168,0.076872,0.294726,0.122821,0.000505,0.50457,0.000168
ACACCTTACTACTTGC-1,0.000057,0.000057,0.000057,0.000057,0.043843,0.460872,0.446177,0.048882
ACACGAGACTCCTTCT-1,0.078814,0.001205,0.001205,0.001205,0.001205,0.003616,0.911544,0.001205
ACACGGCACTATGCAT-1,0.000056,0.000056,0.863079,0.003762,0.000056,0.000169,0.058873,0.073948
ACACGGGAACTTAGGG-1,0.000357,0.000357,0.000357,0.000357,0.000357,0.001072,0.996785,0.000357
ACACGTAGGCCACAAG-1,0.000071,0.000071,0.000071,0.035399,0.032782,0.726813,0.055899,0.148893
ACACTGATCAAGGTGT-1,0.039228,0.000197,0.000197,0.000197,0.317119,0.019283,0.355137,0.268642
ACACTGGGACAGTCGT-1,0.000095,0.000095,0.000095,0.000095,0.020501,0.741644,0.143817,0.093659
ACAGAACTGAGAACAA-1,0.020144,0.000062,0.008371,0.007695,0.690519,0.088269,0.087401,0.097537
ACAGCATAGAGCCAGT-1,0.000076,0.000076,0.995708,0.003684,0.000076,0.000228,0.000076,0.000076
ACAGCGACATTCTCAT-1,0.000087,0.000087,0.000087,0.000087,0.05577,0.879347,0.059232,0.005302
ACAGCGCACCCGCAGC-1,0.000113,0.000113,0.031706,0.000113,0.000113,0.100689,0.603021,0.264132
ACAGGAGGCGCAGCCG-1,0.140184,0.000437,0.728734,0.000437,0.000437,0.00131,0.128024,0.000437
ACAGGCACGGATCCTT-1,0.000057,0.000057,0.009714,0.000057,0.033444,0.711294,0.222966,0.022412
ACAGGCTTGCCCGACT-1,0.000057,0.000057,0.063889,0.005069,0.000057,0.562895,0.275815,0.09216
ACAGGTGGAGGTGAGG-1,0.044727,0.000167,0.000167,0.000167,0.000167,0.000501,0.953937,0.000167
ACAGGTGTGTTGTTGC-1,0.000032,0.000032,0.166877,0.022672,0.576081,0.15132,0.02801,0.054978
ACAGTAATACAACTTG-1,0.000124,0.000124,0.03761,0.037568,0.212509,0.033766,0.544411,0.133889
ACATAAGTCGTGGTGA-1,0.00015,0.00015,0.019834,0.00015,0.196079,0.147016,0.596595,0.040026
ACATAATAAGGCGGTG-1,0.096289,0.000228,0.111087,0.388542,0.000228,0.000685,0.402713,0.000228
ACATCAGCTGGGACGC-1,0.000145,0.000145,0.585265,0.217486,0.096966,0.000434,0.071767,0.027793
ACATCCCGGCCATACG-1,0.000981,0.00098,0.000981,0.272926,0.192722,0.002942,0.527487,0.000981
ACATCCTGGTAACTGT-1,0.082265,0.000061,0.000061,0.000061,0.016379,0.643926,0.245567,0.01168
ACATCGATCGTTTACC-1,0.106814,0.000709,0.000709,0.000709,0.000709,0.002128,0.887511,0.000709
ACATCGGTCAGCCGCG-1,0.000329,0.000329,0.100932,0.145663,0.000329,0.000987,0.690766,0.060665
ACATCGTATGCAATGG-1,0.000585,0.000585,0.000585,0.000585,0.000585,0.408123,0.588367,0.000585
ACATCGTTAACCTAGT-1,0.023966,0.000163,0.200031,0.000163,0.000163,0.039694,0.473776,0.262045
ACATCTCAACGCGTAA-1,0.00004,0.00004,0.889516,0.00004,0.028591,0.045858,0.001756,0.03416
ACATGCTTACGGCAGC-1,0.000166,0.000166,0.000166,0.000166,0.316973,0.090251,0.591945,0.000166
ACATGGCGCCAAAGTA-1,0.000045,0.000045,0.000045,0.003241,0.105251,0.487647,0.332953,0.070773
ACATGGCTCAATTTAG-1,0.003573,0.003572,0.003573,0.003573,0.003572,0.010719,0.967846,0.003572
ACATTAGTTTATATCC-1,0.000565,0.000565,0.143008,0.000565,0.000565,0.001695,0.852471,0.000565
ACATTCGCGCGGAATA-1,0.000083,0.000083,0.000083,0.000083,0.376253,0.00025,0.623082,0.000083
ACATTTGAAACCTAAC-1,0.000014,0.000014,0.000014,0.000014,0.072128,0.871832,0.012021,0.043965
ACCAACACCACACACT-1,0.001235,0.001235,0.087508,0.001235,0.239237,0.003705,0.664611,0.001235
ACCAACCGCACTCCAC-1,0.000039,0.000039,0.02085,0.000039,0.027206,0.640624,0.258807,0.052397
ACCAACGCTTATTTAT-1,0.02148,0.000377,0.000377,0.040741,0.000377,0.001132,0.75509,0.180424
ACCAAGAACGCGTGTC-1,0.000054,0.000054,0.999512,0.000054,0.000054,0.000163,0.000054,0.000054
ACCAAGTCATCGGCAG-1,0.000037,0.000037,0.000037,0.000037,0.076648,0.693198,0.128032,0.101973
ACCAATATGCAAGTTA-1,0.043428,0.000122,0.078847,0.000122,0.140827,0.326225,0.410308,0.000122
ACCACAACTCAGAACA-1,0.000096,0.000096,0.000096,0.037532,0.07326,0.01594,0.584914,0.288066
ACCACAAGTTTCTATC-1,0.000238,0.000238,0.050105,0.044314,0.000238,0.000714,0.903914,0.000238
ACCACACGGTTGATGG-1,0.000063,0.000063,0.000063,0.029981,0.000063,0.763906,0.026366,0.179494
ACCACCAATGTAACAA-1,0.019276,0.000021,0.000021,0.000021,0.073375,0.75459,0.13654,0.016158
ACCACGTGCAGCTATA-1,0.000453,0.000453,0.000453,0.000453,0.000453,0.300569,0.696715,0.000453
ACCACTGTTCAAGAAG-1,0.139814,0.001205,0.486093,0.365657,0.001205,0.003615,0.001205,0.001205
ACCAGACCATAACAAC-1,0.00013,0.00013,0.19305,0.325751,0.076791,0.099889,0.304128,0.00013
ACCAGCCCGGTCTTTG-1,0.000039,0.000039,0.983508,0.000039,0.000039,0.008372,0.000039,0.007923
ACCAGGAGTGTGATCT-1,0.000174,0.000174,0.618356,0.128514,0.000174,0.000522,0.251911,0.000174
ACCAGTGCGGGAGACG-1,0.000092,0.000092,0.000092,0.000092,0.000092,0.522787,0.474565,0.002187
ACCATATCCGCAATAA-1,0.000535,0.000535,0.000535,0.000535,0.000535,0.001605,0.995186,0.000535
ACCATCCGCCAACTAG-1,0.000156,0.000156,0.153656,0.089177,0.000156,0.000468,0.756075,0.000156
ACCATCGTATATGGTA-1,0.000199,0.000199,0.000199,0.000199,0.000199,0.000597,0.844373,0.154036
ACCATTAAGGGTGTCA-1,0.075086,0.000162,0.857087,0.000162,0.010833,0.001016,0.055493,0.000162
ACCCAACGCCCGTGGC-1,0.434558,0.000625,0.21703,0.173263,0.000625,0.001876,0.171398,0.000625
ACCCACCTACATGCTC-1,0.000171,0.000171,0.089382,0.765906,0.000171,0.000513,0.113451,0.030236
ACCCATCTTGAGGGTA-1,0.000289,0.000289,0.000289,0.107515,0.000289,0.000867,0.890173,0.000289
ACCCATTTGTCCCTCT-1,0.000098,0.000098,0.000098,0.000098,0.020635,0.71048,0.124752,0.143742
ACCCGAGCGAAATTAC-1,0.021379,0.000238,0.066838,0.000238,0.342814,0.102561,0.465693,0.000238
ACCCGATTGGTTCCGA-1,0.000166,0.000166,0.051637,0.000166,0.19078,0.000498,0.670938,0.08565
ACCCGGAAACTCCCAG-1,0.000123,0.000123,0.000123,0.073995,0.603764,0.286951,0.02591,0.00901
ACCCGGAGCACCACAA-1,0.000028,0.000028,0.000028,0.011094,0.00616,0.688512,0.277157,0.016994
ACCCGGATGACGCATC-1,0.00008,0.00008,0.058065,0.00008,0.05026,0.545246,0.33761,0.00858
ACCCGGTTACACTTCC-1,0.020883,0.000162,0.000162,0.111357,0.000162,0.009514,0.348661,0.509099
ACCCGTAGCAGAGAAT-1,0.000257,0.000257,0.000257,0.000257,0.152365,0.13927,0.707079,0.000257
ACCCGTAGTCTAGTTG-1,0.007348,0.000051,0.000051,0.000051,0.107365,0.68029,0.000051,0.204793
ACCCGTGTCATCAGTA-1,0.104032,0.000457,0.0644,0.091609,0.344748,0.00137,0.392927,0.000457
ACCCTATAGGACTGAG-1,0.000234,0.000234,0.83234,0.000234,0.000234,0.038231,0.128258,0.000234
ACCCTATGCCATATCG-1,0.000971,0.000971,0.10163,0.000971,0.000971,0.002914,0.890601,0.000971
ACCCTCCCGTCAGGGC-1,0.004406,0.000034,0.000034,0.007404,0.026658,0.856111,0.08972,0.015633
ACCCTCCCTTGCTATT-1,0.027416,0.000075,0.005194,0.051557,0.057042,0.59912,0.155893,0.103703
ACCCTGGTAACGCCCT-1,0.000042,0.000042,0.018503,0.000042,0.00926,0.0913,0.127509,0.753302
ACCCTTCATCTGCGAA-1,0.00011,0.00011,0.407525,0.277131,0.012763,0.00033,0.23097,0.07106
ACCCTTTAGTTCTCCA-1,0.000089,0.000089,0.047469,0.09237,0.178944,0.049578,0.209739,0.42172
ACCGAAGAGTCTGGTT-1,0.033899,0.000166,0.000166,0.000166,0.43371,0.000498,0.53123,0.000166
ACCGACACATCTCCCA-1,0.028441,0.000292,0.600732,0.000292,0.000292,0.136934,0.232726,0.000292
ACCGACTGAGTCCCAC-1,0.000184,0.000184,0.000184,0.000184,0.302231,0.104874,0.591974,0.000184
ACCGAGTCTCCTTATT-1,0.000043,0.000043,0.000043,0.000043,0.029369,0.633794,0.265897,0.070767
ACCGATAGGCATAACC-1,0.000027,0.000027,0.038727,0.000027,0.022259,0.758688,0.114492,0.065752
ACCGATATTTAATCAT-1,0.000014,0.000014,0.000014,0.000014,0.033414,0.96633,0.000014,0.000185
ACCGATGGTAGCATCG-1,0.000769,0.000769,0.000769,0.00077,0.000769,0.002308,0.993075,0.000769
ACCGCAATAACTGCCT-1,0.105834,0.000149,0.046104,0.000149,0.000149,0.369249,0.36054,0.117826
ACCGCGGTGGAAGTCG-1,0.000046,0.000046,0.014433,0.000046,0.000098,0.627143,0.339256,0.018931
ACCGCTAGTCATTGGT-1,0.000129,0.000129,0.000129,0.000129,0.518575,0.000388,0.480389,0.000129
ACCGGGCCTTTGTTGA-1,0.000035,0.000035,0.000035,0.000035,0.015999,0.758129,0.199678,0.026056
ACCGGTCAGGTACACC-1,0.00087,0.00087,0.00087,0.00087,0.00087,0.00261,0.992172,0.00087
ACCGTCCACTGGGCCC-1,0.000055,0.000055,0.182517,0.000055,0.215043,0.000166,0.589936,0.012172
ACCGTGACCACGTGGG-1,0.15245,0.00047,0.161397,0.00047,0.127391,0.001409,0.555943,0.00047
ACCTAAGTACCTTTCA-1,0.000299,0.000299,0.077303,0.000299,0.000299,0.000898,0.920301,0.000299
ACCTAATCGACTTCCT-1,0.000141,0.000141,0.000141,0.829584,0.001765,0.127821,0.040265,0.000141
ACCTACAGTATGTGGT-1,0.000074,0.000074,0.000074,0.003901,0.023514,0.553692,0.408311,0.01036
ACCTACTATAAATCTA-1,0.000078,0.000078,0.074222,0.000078,0.466734,0.125098,0.317064,0.016647
ACCTCCGCCCTCGCTG-1,0.000072,0.000072,0.000072,0.020051,0.000072,0.809646,0.148766,0.021247
ACCTCCGTTATTCACC-1,0.000079,0.000079,0.000079,0.006793,0.000079,0.759427,0.149367,0.0841
ACCTCGAACTTATGCT-1,0.000296,0.000296,0.000296,0.000296,0.549612,0.000888,0.338099,0.110218
ACCTGCGTGTCATGTT-1,0.080492,0.000239,0.05874,0.000239,0.070449,0.000718,0.788883,0.000239
ACCTTTCCTTTAGAAG-1,0.022141,0.00009,0.866151,0.009108,0.102063,0.000269,0.00009,0.00009
ACGAAATGGGCGGCAC-1,0.000129,0.000129,0.120071,0.752233,0.000129,0.113774,0.013407,0.000129
ACGACCCATGAGTTGC-1,0.000046,0.000046,0.000046,0.000119,0.01413,0.773364,0.194774,0.017477
ACGACTCTAGGGCCGA-1,0.000021,0.000021,0.000021,0.000021,0.137128,0.74896,0.055453,0.058377
ACGACTGGTCATACTC-1,0.014904,0.000153,0.000153,0.162303,0.217013,0.141439,0.463828,0.000207
ACGAGAACCCATCACG-1,0.18255,0.000412,0.544487,0.000412,0.008848,0.001235,0.261645,0.000412
ACGAGATATTTGCTTA-1,0.000193,0.000193,0.000193,0.000193,0.002377,0.00058,0.459616,0.536653
ACGAGGATACCACTCT-1,0.000412,0.000412,0.219214,0.000412,0.000412,0.001235,0.777493,0.000412
ACGAGGTTTACAACGT-1,0.000467,0.000467,0.000467,0.000467,0.300033,0.001402,0.696228,0.000467
ACGAGTACGGATGCCC-1,0.270569,0.002703,0.287973,0.002703,0.002703,0.00811,0.422534,0.002703
ACGAGTCGCCGGCGTT-1,0.002501,0.0025,0.697815,0.002501,0.002501,0.007502,0.28218,0.002501
ACGATACATAGAACTA-1,0.000538,0.000538,0.000538,0.241504,0.000538,0.001613,0.505139,0.249592
ACGATACCTATCCTGA-1,0.000038,0.000038,0.238747,0.014697,0.344246,0.150501,0.044878,0.206855
ACGATCATACATAGAG-1,0.00013,0.00013,0.00013,0.00013,0.032392,0.016778,0.039206,0.911105
ACGATCATCTTGTAAA-1,0.000037,0.000037,0.016811,0.014336,0.076324,0.739113,0.096793,0.05655
ACGATGCATATGTTAT-1,0.000138,0.000138,0.000138,0.046568,0.07734,0.279801,0.466811,0.129066
ACGATGGATCCGATGC-1,0.000105,0.000105,0.603937,0.022951,0.000105,0.138392,0.173578,0.060825
ACGCAAACTAATAGAT-1,0.045585,0.000078,0.028587,0.013676,0.57271,0.178423,0.150341,0.010599
ACGCAATCACTACAGC-1,0.294337,0.005001,0.005002,0.005001,0.005002,0.015005,0.66565,0.005002
ACGCATACGTTTACTA-1,0.005963,0.000065,0.000065,0.033048,0.075915,0.693886,0.153245,0.037811
ACGCATTCGTGAGTAC-1,0.022612,0.000277,0.07446,0.000277,0.420312,0.078689,0.276006,0.127368
ACGCCACTCGAAACAG-1,0.000051,0.000051,0.000051,0.060471,0.0551,0.632432,0.241465,0.010379
ACGCCAGATGATTTCT-1,0.000037,0.000037,0.000037,0.000037,0.161278,0.201517,0.000037,0.637021
ACGCCAGTGCGTTTGC-1,0.000038,0.000038,0.000038,0.000038,0.06466,0.829644,0.07503,0.030515
ACGCCCAGCTGTCGAT-1,0.000035,0.000035,0.999193,0.000035,0.000525,0.000106,0.000035,0.000035
ACGCCGCTAGACGACC-1,0.0674,0.000592,0.176545,0.000592,0.000592,0.001776,0.751911,0.000592
ACGCCTGACACGCGCT-1,0.16149,0.000725,0.581378,0.071527,0.181256,0.002175,0.000725,0.000725
ACGCGAAGTCAGACGA-1,0.000769,0.000769,0.000769,0.000769,0.000769,0.002308,0.993075,0.00077
ACGCGCTACACAGGGT-1,0.000211,0.000211,0.000211,0.367226,0.000211,0.000632,0.63109,0.000211
ACGCGGGCCAAGGACA-1,0.000617,0.000617,0.000618,0.000617,0.161838,0.001852,0.833222,0.000617
ACGCGTTTCTTAAGAG-1,0.000142,0.000142,0.310011,0.359099,0.000142,0.000425,0.225933,0.104108
ACGCTAGTGATACACT-1,0.000459,0.000459,0.000459,0.291086,0.169294,0.026399,0.511386,0.000459
ACGCTGTGAGGCGTAG-1,0.00018,0.00018,0.652022,0.078415,0.018726,0.033385,0.216911,0.00018
ACGCTTAGTGTCTCTC-1,0.000059,0.000059,0.038788,0.014577,0.008548,0.122038,0.147297,0.668633
ACGGAACACGAGTGCC-1,0.000039,0.000038,0.016575,0.000039,0.017266,0.667428,0.263017,0.035598
ACGGACGCAGCGACAA-1,0.063068,0.000106,0.059434,0.000106,0.394038,0.000319,0.482821,0.000106
ACGGACTCTCAAAGCG-1,0.021527,0.000079,0.000079,0.000079,0.398152,0.457821,0.000079,0.122185
ACGGAGCGCAAATTAC-1,0.171964,0.001887,0.001887,0.145668,0.001887,0.005662,0.669156,0.001887
ACGGATGGTGCGGATA-1,0.07652,0.000109,0.017797,0.018874,0.18117,0.251305,0.416811,0.037414
ACGGCACTTGCTTGGG-1,0.00115,0.00115,0.00115,0.00115,0.00115,0.003449,0.691337,0.299465
ACGGCCAACATGGACT-1,0.000603,0.000602,0.000603,0.18497,0.000603,0.001808,0.731977,0.078835
ACGGCGACGATGGGAA-1,0.000544,0.000544,0.034634,0.000544,0.000544,0.001631,0.961017,0.000544
ACGGCGGGTTGCCCTG-1,0.3698,0.000781,0.354129,0.270601,0.000781,0.002344,0.000781,0.000781
ACGGCTGGATGTAGAA-1,0.000198,0.000198,0.042646,0.000198,0.727203,0.000595,0.228763,0.000198
ACGGGAGTGTCGGCCC-1,0.000169,0.000169,0.089364,0.000169,0.385796,0.000506,0.483825,0.040003
ACGGGCGTATGCGACA-1,0.000121,0.000121,0.000121,0.000121,0.000121,0.181042,0.425015,0.393337
ACGGGTCATGTGACTT-1,0.000134,0.000134,0.791943,0.000134,0.000134,0.044252,0.163133,0.000134
ACGGGTTGTGACCTGT-1,0.000277,0.000277,0.000277,0.000277,0.181784,0.000831,0.815999,0.000277
