Barcode,Topic 1,Topic 2,Topic 3to7,Topic 8,Topic 9to10
AAACAACGAATAGTTC-1,0.001493,0.001493,0.007465,0.001493,0.988056
AAACAAGTATCTCCCA-1,0.00003,0.025615,0.824708,0.026545,0.123102
AAACAATCTACTAGCA-1,0.002564,0.002565,0.012824,0.002565,0.979482
AAACACCAATAACTGC-1,0.000057,0.125485,0.085456,0.177597,0.611406
AAACAGAGCGACTCCT-1,0.001724,0.001725,0.008623,0.563548,0.42438
AAACAGCTTTCAGAAG-1,0.000041,0.000041,0.086232,0.556451,0.357235
AAACAGGGTCTATATT-1,0.00003,0.00003,0.287182,0.245088,0.46767
AAACAGTGTTCCTGGG-1,0.000019,0.000019,0.302453,0.000019,0.697491
AAACATGGTGAGAGGA-1,0.000028,0.007417,0.046932,0.028033,0.91759
AAACATTTCCCGGATT-1,0.000236,0.087498,0.001182,0.000236,0.910847
AAACCACTACACAGAT-1,0.00122,0.00122,0.166565,0.00122,0.829775
AAACCCGAACGAAATC-1,0.000014,0.000014,0.871769,0.061326,0.066877
AAACCGGAAATGTTAA-1,0.000169,0.024664,0.368478,0.035449,0.571241
AAACCGGGTAGGTACC-1,0.000024,0.000024,0.462297,0.281171,0.256483
AAACCGTTCGTCCAGG-1,0.000023,0.002201,0.618712,0.235566,0.143496
AAACCTAAGCAGCCGG-1,0.000027,0.920891,0.011666,0.001019,0.066396
AAACCTCATGAAGTTG-1,0.000024,0.004983,0.336327,0.539915,0.118752
AAACGAAGAACATACC-1,0.000807,0.000807,0.267578,0.000807,0.730002
AAACGAAGATGGAGTA-1,0.000032,0.006116,0.244139,0.003432,0.74628
AAACGACAGTCTTGCC-1,0.000389,0.000389,0.059532,0.000389,0.9393
AAACGAGACGGTTGAT-1,0.000027,0.000027,0.734674,0.164352,0.100921
AAACGCCCGAGATCGG-1,0.000671,0.000671,0.491928,0.000671,0.506059
AAACGCTGGGCACGAC-1,0.000016,0.925794,0.01916,0.004376,0.050655
AAACGGGCGTACGGGT-1,0.000155,0.235457,0.000774,0.000155,0.763459
AAACGGGTTGGTATCC-1,0.001124,0.001124,0.005619,0.001124,0.991009
AAACGGTTGCGAACTG-1,0.00007,0.030822,0.014461,0.038849,0.915799
AAACGTGTTCGCCCTA-1,0.000781,0.000781,0.003907,0.000782,0.993748
AAACTAACGTGGCGAC-1,0.000234,0.000234,0.052894,0.000234,0.946405
AAACTCGGTTCGCAAT-1,0.000128,0.413149,0.00064,0.041647,0.544437
AAACTCGTGATATAAG-1,0.000472,0.000472,0.380893,0.168435,0.449729
AAACTGCTGGCTCCAA-1,0.000015,0.000015,0.736036,0.094581,0.169352
AAACTTAATTGCACGC-1,0.000024,0.000024,0.350757,0.000024,0.649172
AAACTTGCAAACGTAT-1,0.000028,0.000121,0.14993,0.616476,0.233445
AAAGAATGACCTTAGA-1,0.000043,0.022554,0.033635,0.352446,0.591322
AAAGAATGTGGACTAA-1,0.000024,0.942021,0.027707,0.000024,0.030224
AAAGACATGAAGTTTA-1,0.000228,0.039462,0.189738,0.052093,0.718478
AAAGACCCAAGTCGCG-1,0.000309,0.000309,0.174605,0.000309,0.824468
AAAGACTGGGCGCTTT-1,0.000394,0.000394,0.288739,0.000394,0.71008
AAAGCTTGCCTACATA-1,0.000058,0.010197,0.103127,0.405307,0.481312
AAAGGCCCTATAATAC-1,0.000026,0.000026,0.02222,0.07413,0.903598
AAAGGCTACGGACCAT-1,0.00007,0.116552,0.094659,0.090504,0.698215
AAAGGCTCTCGCGCCG-1,0.000013,0.04329,0.858355,0.07886,0.019481
AAAGGGATGTAGCAAG-1,0.000292,0.071985,0.001462,0.333491,0.592769
AAAGGGCAGCTTGAAT-1,0.000503,0.066119,0.002513,0.000503,0.930362
AAAGGTAAGCTGTACC-1,0.000253,0.000253,0.377761,0.000253,0.621481
AAAGGTCAACGACATG-1,0.002703,0.002703,0.013516,0.002703,0.978374
AAAGTAGCATTGCTCA-1,0.000031,0.003751,0.531478,0.434722,0.030019
AAAGTCACTGATGTAA-1,0.000901,0.000901,0.004506,0.000901,0.992791
AAAGTCGACCCTCAGT-1,0.000063,0.000063,0.439339,0.226182,0.334354
AAAGTGCCATCAATTA-1,0.000571,0.084312,0.002858,0.000572,0.911687
AAAGTGTGATTTATCT-1,0.000027,0.003458,0.761039,0.172666,0.06281
AAAGTTGACTCCCGTA-1,0.000028,0.020141,0.551055,0.235401,0.193376
AAATAACCATACGGGA-1,0.000332,0.000332,0.318226,0.000332,0.680778
AAATAAGGTAGTGCCC-1,0.000019,0.009717,0.523287,0.439423,0.027555
AAATACCTATAAGCAT-1,0.000026,0.009359,0.754219,0.062342,0.174053
AAATAGCTTAGACTTT-1,0.000022,0.000022,0.789161,0.105404,0.10539
AAATAGGGTGCTATTG-1,0.000018,0.01007,0.95461,0.000293,0.035008
AAATCACTCCTAAACG-1,0.00164,0.175064,0.008199,0.00164,0.813458
AAATCCGATACACGCC-1,0.000098,0.101244,0.226362,0.000098,0.672198
AAATCGCGGAAGGAGT-1,0.000041,0.006273,0.160051,0.040079,0.793556
AAATCGTGTACCACAA-1,0.000019,0.01572,0.704407,0.255306,0.024548
AAATCTAGCCCTGCTA-1,0.000051,0.053284,0.543046,0.184109,0.219509
AAATCTGCCCGCGTCC-1,0.000056,0.011601,0.021546,0.102494,0.864303
AAATGACTGATCAAAC-1,0.000014,0.009789,0.4035,0.000464,0.586233
AAATGATTCGATCAGC-1,0.000402,0.078405,0.123427,0.000402,0.797364
AAATGCTCGTTACGTT-1,0.000568,0.000568,0.002842,0.000568,0.995454
AAATGGCATGTCTTGT-1,0.000426,0.000426,0.002128,0.000426,0.996595
AAATGGCCCGTGCCCT-1,0.000021,0.001761,0.460127,0.366509,0.171582
AAATGGTCAATGTGCC-1,0.000115,0.000115,0.000574,0.374251,0.624946
AAATGTATCTTATCCC-1,0.000102,0.036601,0.154599,0.005166,0.803532
AAATGTGGGTGCTCCT-1,0.000204,0.000204,0.590461,0.000204,0.408927
AAATTAACGGGTAGCT-1,0.00008,0.00008,0.107361,0.468302,0.424176
AAATTAATAAGCGCGA-1,0.000168,0.000168,0.313159,0.000168,0.686337
AAATTACACGACTCTG-1,0.000556,0.000556,0.241503,0.000556,0.75683
AAATTACCTATCGATG-1,0.000235,0.084393,0.001177,0.169273,0.744922
AAATTCCAGGTCCAAA-1,0.000011,0.000873,0.945825,0.015929,0.037361
AAATTGATAGTCCTTT-1,0.000038,0.03032,0.483642,0.29819,0.187809
AAATTGCGGCGGTTCT-1,0.000556,0.000556,0.002779,0.000556,0.995554
AAATTGGTGAGAAGCA-1,0.001449,0.00145,0.007249,0.00145,0.988403
AAATTTACCGAAATCC-1,0.000465,0.000465,0.293738,0.000465,0.704866
AAATTTGCGGGTGTGG-1,0.000028,0.000028,0.579424,0.134079,0.286441
AACAACTGGTAGTTGC-1,0.000433,0.000433,0.002165,0.000433,0.996536
AACAATACATTGTCGA-1,0.000037,0.53796,0.009759,0.252112,0.200132
AACAATTACTCTACGC-1,0.000602,0.000603,0.184868,0.000603,0.813324
AACACACGCTCGCCGC-1,0.000025,0.006441,0.764425,0.014262,0.214847
AACACGACTGTACTGA-1,0.000472,0.000472,0.258321,0.000472,0.740264
AACACGAGACGCGGCC-1,0.000017,0.000017,0.523574,0.254259,0.222132
AACACGCGGCCGCGAA-1,0.000538,0.000538,0.002689,0.000538,0.995698
AACAGCTGTGTGGCAA-1,0.000023,0.630314,0.162248,0.023719,0.183697
AACAGGAAATCGAATA-1,0.000281,0.000281,0.057555,0.000281,0.941602
AACAGGATGGGCCGCG-1,0.000368,0.000368,0.001839,0.037472,0.959954
AACAGGTAGTATGGAT-1,0.000014,0.001928,0.926703,0.00631,0.065045
AACATAGCGTGTATCG-1,0.000022,0.181466,0.229631,0.006808,0.582073
AACATATCAACTGGTG-1,0.00025,0.027737,0.00125,0.327396,0.643367
AACATCGATACGTCTA-1,0.000758,0.000758,0.003789,0.000758,0.993938
AACATTGAAGTTGATC-1,0.000047,0.006972,0.068873,0.045447,0.878661
AACATTGGTCAGCCGT-1,0.002273,0.002273,0.011367,0.684481,0.299606
AACATTGTGACTCGAG-1,0.00008,0.033732,0.038251,0.028674,0.899263
AACCAAGACTTCTCTG-1,0.00005,0.00005,0.199364,0.062159,0.738377
AACCAGTATCACTCTT-1,0.001,0.10982,0.005001,0.001,0.883178
AACCATAGGGTTGAAC-1,0.000039,0.00531,0.007298,0.147352,0.840002
AACCATGGGATCGCTA-1,0.000397,0.000397,0.001985,0.000397,0.996825
AACCCAGAGACGGAGA-1,0.000222,0.000222,0.001109,0.000222,0.998226
AACCCATCCCATGATC-1,0.000063,0.254874,0.02312,0.365726,0.356217
AACCCGACAACCCGTG-1,0.000032,0.000032,0.008937,0.024437,0.966562
AACCCGAGCAGAATCG-1,0.000307,0.09335,0.001534,0.103006,0.801803
AACCCGATAGGGCTTC-1,0.00115,0.00115,0.396101,0.00115,0.60045
AACCCGCTGTATTCCA-1,0.000018,0.008406,0.153701,0.003582,0.834292
AACCCTACTGTCAATA-1,0.000031,0.007127,0.688089,0.144239,0.160514
AACCCTGGTGGAACCA-1,0.000926,0.000926,0.004631,0.000926,0.992591
AACCGAGCTTGGTCAT-1,0.739762,0.000345,0.001725,0.000345,0.257823
AACCGCTAAGGGATGC-1,0.000029,0.039994,0.637012,0.219458,0.103507
AACCGTTGTGTTTGCT-1,0.000429,0.000429,0.417741,0.000429,0.580971
AACCTAAAGCCGTCCG-1,0.000135,0.000135,0.647715,0.000135,0.35188
AACCTCGCTTTAGCCC-1,0.000279,0.08769,0.397473,0.000279,0.51428
AACCTGTCACGGAATT-1,0.000017,0.000017,0.98513,0.004999,0.009837
AACCTTTAAATACGGT-1,0.000025,0.000025,0.773478,0.031966,0.194505
AACCTTTACGACGTCT-1,0.000535,0.000535,0.002675,0.000535,0.995721
AACGAAAGTCGTCCCA-1,0.000046,0.000046,0.223493,0.000046,0.776369
AACGACCTCCTAGCCG-1,0.000037,0.808353,0.000187,0.000037,0.191385
AACGATAATGCCGTAG-1,0.000043,0.032666,0.540127,0.046624,0.38054
AACGATAGAAGGGCCG-1,0.000217,0.000217,0.221543,0.000217,0.777807
AACGATATGTCAACTG-1,0.000104,0.019977,0.776248,0.000104,0.203567
AACGCATGATCTGGGT-1,0.001064,0.027643,0.005321,0.001064,0.964908
AACGCGAACGGCAACA-1,0.000658,0.000658,0.00329,0.000658,0.994736
AACGCGACCTTGGGCG-1,0.000042,0.000042,0.10015,0.016487,0.883278
AACGCGGTCTCCAGCC-1,0.000621,0.000621,0.003106,0.000621,0.99503
AACGCTGTTGCTGAAA-1,0.000054,0.002769,0.646991,0.000054,0.350132
AACGGACGTACGTATA-1,0.000018,0.000018,0.883823,0.012747,0.103393
AACGGCCATCTCCGGT-1,0.000014,0.000014,0.877979,0.079564,0.04243
AACGTACTGTGGGTAC-1,0.000018,0.000948,0.740468,0.073104,0.185462
AACGTAGTCTACCCAT-1,0.003704,0.003705,0.018524,0.003705,0.970363
AACGTCAGACTAGTGG-1,0.000877,0.000877,0.004387,0.000877,0.992981
AACGTCATCCGGCTTG-1,0.000116,0.009388,0.504948,0.000116,0.485432
AACGTCGCTGCACTTC-1,0.000023,0.994432,0.003023,0.000826,0.001695
AACGTGATGAAGGACA-1,0.001053,0.001053,0.005265,0.001053,0.991577
AACGTGCGAAAGTCTC-1,0.000013,0.008913,0.983815,0.006089,0.00117
AACGTTATCAGCACCT-1,0.000508,0.000508,0.475958,0.000508,0.522519
AACGTTCTACCATTGT-1,0.000014,0.326706,0.386792,0.018371,0.268117
AACTACCCGTTTGTCA-1,0.000041,0.000041,0.360007,0.280996,0.358916
AACTAGCGTATCGCAC-1,0.000394,0.022714,0.001969,0.000394,0.974529
AACTAGGCTTGGGTGT-1,0.000057,0.018157,0.513516,0.105842,0.362427
AACTCAAGTTAATTGC-1,0.000037,0.000037,0.38874,0.360828,0.250359
AACTCCAGAGCGTGTT-1,0.000214,0.052373,0.001071,0.000214,0.946128
AACTCCTAATCCCATG-1,0.000658,0.000658,0.00329,0.000658,0.994735
AACTCGATAAACACGT-1,0.00115,0.00115,0.005749,0.00115,0.990802
AACTCGATGGCGCAGT-1,0.00087,0.039683,0.004349,0.00087,0.954228
AACTCTCAATAGAGCG-1,0.000044,0.011235,0.642327,0.256664,0.08973
AACTCTCAGTGTGCTC-1,0.000024,0.010246,0.524198,0.309994,0.155538
AACTGAGGTCAGCGTC-1,0.000263,0.000263,0.778658,0.000263,0.220553
AACTGAGTTATACTGA-1,0.000033,0.005338,0.838205,0.001551,0.154872
AACTGATATTAGGCCT-1,0.000052,0.000052,0.882407,0.000052,0.117438
AACTGGGTCCCGACGT-1,0.000971,0.000971,0.213858,0.000971,0.783229
AACTGGGTTCGAGCCG-1,0.001031,0.001031,0.182271,0.001031,0.814636
AACTGGTGTGGGCCTT-1,0.000588,0.000588,0.002942,0.000588,0.995293
AACTTCTGCGTCTATC-1,0.000395,0.000395,0.001977,0.000395,0.996837
AACTTGCCCGTATGCA-1,0.000935,0.000935,0.004674,0.000935,0.992521
AACTTGCGTTCTCGCG-1,0.000588,0.000588,0.002942,0.000588,0.995293
AACTTTACGGGAGCTT-1,0.000339,0.000339,0.001695,0.000339,0.997287
AACTTTAGCTGCTGAG-1,0.001075,0.001076,0.005378,0.001076,0.991395
AACTTTCTCGATCATG-1,0.000629,0.000629,0.389145,0.000629,0.608968
AAGAAAGTTTGATGGG-1,0.000044,0.012342,0.000222,0.040629,0.946762
AAGAAATCACCAGATT-1,0.000769,0.08664,0.003847,0.000769,0.907974
AAGAAGGATCAGTTAG-1,0.000261,0.222449,0.001306,0.000261,0.775723
AAGACATACGTGGTTT-1,0.000135,0.428623,0.084148,0.000135,0.486959
AAGACCAAATAACTCA-1,0.000013,0.000013,0.398522,0.000013,0.601439
AAGACCCAACTGAACA-1,0.000018,0.607385,0.207528,0.010987,0.174083
AAGACTAACCCGTTGT-1,0.000725,0.000725,0.003624,0.335131,0.659795
AAGACTCACGCCCACT-1,0.000105,0.000105,0.677217,0.000105,0.322468
AAGACTGCAAGCTACT-1,0.000023,0.006254,0.830383,0.070203,0.093137
AAGAGATGAATCGGTA-1,0.000153,0.000153,0.000765,0.234036,0.764893
AAGAGCTCTTTATCGG-1,0.000032,0.034136,0.528484,0.349224,0.088124
AAGAGGATGTACGCGA-1,0.000045,0.006973,0.000926,0.744148,0.247908
AAGAGGCATGGATCGC-1,0.000016,0.000016,0.907471,0.074616,0.017881
AAGAGGCCCTTTGGAA-1,0.000268,0.000268,0.0049,0.000268,0.994296
AAGATGGCACCGGACC-1,0.000021,0.644758,0.194385,0.079515,0.081322
AAGATTGGCGGAACGT-1,0.000493,0.000493,0.002464,0.000493,0.996058
AAGCACCCTGCGTATC-1,0.000216,0.000217,0.587703,0.000217,0.411647
AAGCATACTCTCCTGA-1,0.000037,0.017608,0.370722,0.0354,0.576232
AAGCCACTTGCAGGTA-1,0.000019,0.000019,0.328287,0.000019,0.671656
AAGCCGAAGCGGTTTA-1,0.000054,0.009422,0.678494,0.07808,0.233951
AAGCCGCCGTGAAATC-1,0.000023,0.010106,0.092357,0.056632,0.840882
AAGCCGCTTTACCTTG-1,0.000571,0.000572,0.326705,0.000572,0.67158
AAGCCGGAGAGCAGGA-1,0.000833,0.000834,0.004168,0.000834,0.993332
AAGCGCAGGGCTTTGA-1,0.000116,0.344574,0.000582,0.067021,0.587707
AAGCGGAGTGCGCGCA-1,0.001316,0.001316,0.006581,0.001316,0.989471
AAGCGGCGTCATGGGT-1,0.000474,0.000474,0.00237,0.000474,0.996207
AAGCGTCCCTCATCGA-1,0.000045,0.0419,0.83436,0.014781,0.108914
AAGCTAGATCGAGTAA-1,0.000015,0.032175,0.872107,0.037301,0.058402
AAGCTATGGATTGACC-1,0.000042,0.030672,0.204209,0.016256,0.748821
AAGCTCGTGCCAAGTC-1,0.000037,0.000037,0.625031,0.192938,0.181956
AAGCTCTTTCATGGTG-1,0.000161,0.091433,0.189036,0.273014,0.446356
AAGGAGAACTTATAAG-1,0.001177,0.001177,0.005884,0.001177,0.990586
AAGGAGCGGTTGGTGC-1,0.000352,0.000352,0.001761,0.065631,0.931903
AAGGATCGATCGCTTG-1,0.000025,0.006954,0.773828,0.094124,0.125069
AAGGATGAGGGACCTC-1,0.00027,0.050745,0.401888,0.00027,0.546827
AAGGCAGGCTGTCTCC-1,0.000011,0.001683,0.998274,0.000011,0.000021
AAGGCGCGTAAAGCTT-1,0.000361,0.000361,0.098945,0.000361,0.899972
AAGGCTGTGCTCATCG-1,0.000578,0.030511,0.002891,0.000578,0.965442
AAGGGAACGACTGGCT-1,0.000041,0.017925,0.052662,0.134306,0.795066
AAGGGACAGATTCTGT-1,0.00036,0.00036,0.208947,0.00036,0.789973
AAGGGACTATGCATTC-1,0.000049,0.080574,0.274603,0.000049,0.644726
AAGGGTTAGCCATGCG-1,0.000019,0.454165,0.180255,0.076733,0.288828
AAGGGTTTGATTTCAG-1,0.000085,0.023667,0.122559,0.095549,0.758139
AAGGTATCCTAATATA-1,0.000658,0.000658,0.123301,0.000658,0.874725
AAGGTGATAAACCAGC-1,0.000021,0.012938,0.65483,0.153379,0.178832
AAGTAAGCTTCCAAAC-1,0.00244,0.00244,0.012198,0.00244,0.980482
AAGTAGAAGACCGGGT-1,0.000529,0.000529,0.002646,0.245664,0.750631
AAGTAGTGACGCGAGG-1,0.000312,0.000312,0.229979,0.000312,0.769087
AAGTCAATTGTCGTCA-1,0.00001,0.002475,0.994879,0.002617,0.00002
AAGTCTAGTAGCTGCC-1,0.001124,0.001124,0.360687,0.271882,0.365183
AAGTCTTCTGTGGCCT-1,0.000021,0.000021,0.682723,0.067757,0.249477
AAGTGACGACCGAATT-1,0.000024,0.000024,0.516839,0.269546,0.213568
AAGTGAGTCGGGTTTA-1,0.000071,0.189773,0.091454,0.183009,0.535693
AAGTGCAAAGGTAGAC-1,0.000032,0.0002,0.977636,0.000032,0.022099
AAGTGCCTTGACTGTA-1,0.000016,0.000016,0.949682,0.050082,0.000204
AAGTGCGTTAGAATCT-1,0.000018,0.005399,0.862208,0.079112,0.053264
AAGTGCTTCTCTATTG-1,0.000036,0.04048,0.071434,0.197246,0.690804
AAGTGTTTGGAGACGG-1,0.000031,0.020469,0.75701,0.013069,0.20942
AAGTTCACTCCAAGCT-1,0.000148,0.080657,0.406774,0.025422,0.487
AAGTTCGGCCAACAGG-1,0.000018,0.003145,0.593523,0.282508,0.120807
AAGTTGTGATGTTATA-1,0.000159,0.338504,0.000794,0.072973,0.58757
AAGTTTACTAATGGCA-1,0.002326,0.002326,0.011631,0.002326,0.981391
AAGTTTATGGGCCCAA-1,0.000119,0.167088,0.000593,0.086534,0.745666
AATAACAACGCTCGGC-1,0.000048,0.009188,0.233594,0.467173,0.289997
AATAACACTAGAACAA-1,0.000009,0.009889,0.853864,0.063797,0.07244
AATAACGTCGCGCCCA-1,0.000018,0.592911,0.109912,0.095648,0.201511
AATAAGTCCTCGAGAC-1,0.000056,0.000056,0.734131,0.000056,0.265701
AATAATCTTCGTATCG-1,0.000084,0.068613,0.45264,0.035625,0.443037
AATACAATGTTTCAGG-1,0.000222,0.000222,0.434395,0.000222,0.564938
AATACCGGAGGGCTGT-1,0.000041,0.009228,0.079299,0.108985,0.802447
AATACCTGATGTGAAC-1,0.000012,0.999892,0.00006,0.000012,0.000024
AATAGAACAGAGTGGC-1,0.000007,0.006601,0.988469,0.00491,0.000014
AATAGAATCTGTTTCA-1,0.000055,0.000055,0.217996,0.512744,0.26915
AATAGCAAGCCTCCTG-1,0.000926,0.000926,0.004631,0.000926,0.992591
AATAGCTACCGCGTGC-1,0.00137,0.00137,0.006851,0.00137,0.989038
AATAGGCACGACCCTT-1,0.000063,0.178206,0.374277,0.045175,0.402279
AATAGTCCGTCCCGAC-1,0.000034,0.000034,0.646417,0.024322,0.329194
AATAGTCGCGAGTCGG-1,0.000415,0.028752,0.002075,0.000415,0.968343
AATATCAAGGTCGGAT-1,0.000541,0.000541,0.002703,0.000541,0.995675
AATATCCTAGCAAACT-1,0.000017,0.012787,0.517158,0.243046,0.226993
AATATCGAATCAATGC-1,0.00006,0.026335,0.632943,0.101694,0.238968
AATATCGAGGGTTCTC-1,0.00015,0.177712,0.044565,0.27639,0.501183
AATATTGGAGTATTGA-1,0.00009,0.00009,0.000449,0.773989,0.225383
AATCAGACTGCAGGAC-1,0.000252,0.000252,0.376548,0.000252,0.622696
AATCAGGTTTCATTTA-1,0.000093,0.032054,0.012151,0.101943,0.853759
AATCATGTAAAGACTC-1,0.000077,0.031371,0.31664,0.330266,0.321646
AATCCAAGGGCCTGAG-1,0.000847,0.000848,0.004239,0.000848,0.993218
AATCCATGCAAGGGTG-1,0.001389,0.001389,0.006946,0.001389,0.988886
AATCCCGCTCAGAGCC-1,0.000025,0.004222,0.307869,0.000025,0.687859
AATCGAGGTCTCAAGG-1,0.000028,0.122234,0.306933,0.000028,0.570776
AATCGCCTCAGCGCCA-1,0.00002,0.005919,0.657149,0.326484,0.010428
AATCGCGCAGAGGACT-1,0.000016,0.002026,0.957807,0.015162,0.024989
AATCGGGACACTACGA-1,0.001961,0.001961,0.009806,0.001962,0.98431
AATCGGTATAGCCCTC-1,0.000022,0.998673,0.001237,0.000022,0.000045
AATCGTGAGCCGAGCA-1,0.000036,0.814831,0.004206,0.001189,0.179738
AATCTAGGTTTACTTG-1,0.000017,0.017832,0.79342,0.062464,0.126266
AATCTATGCCGGAGCC-1,0.000158,0.000159,0.133573,0.187698,0.678412
AATCTCTACTGTGGTT-1,0.000086,0.000086,0.000432,0.473924,0.525471
AATCTGCGTTGGGACG-1,0.000025,0.000025,0.703913,0.292284,0.003753
AATCTGGCTTTCTAGT-1,0.000011,0.0048,0.895085,0.0538,0.046304
AATCTGGGTAGACCCT-1,0.0008,0.0008,0.338294,0.0008,0.659306
AATGACAGCAATGTCT-1,0.000023,0.008089,0.689061,0.174879,0.127948
AATGACGTAGGATGTC-1,0.000022,0.002041,0.787048,0.14904,0.061849
AATGACTGTCAGCCGG-1,0.000099,0.006782,0.364978,0.011654,0.616487
AATGAGTTCGCATATG-1,0.000788,0.000788,0.003938,0.000788,0.993699
AATGATGATACGCTAT-1,0.001205,0.001205,0.006026,0.39021,0.601354
AATGATGCGACTCCTG-1,0.000735,0.000735,0.003678,0.000736,0.994116
AATGCAACCGGGTACC-1,0.000243,0.000243,0.001217,0.000243,0.998053
AATGCACCAAGCAATG-1,0.000191,0.000191,0.148861,0.000191,0.850566
AATGGCCGCCAATGCG-1,0.000568,0.000568,0.53152,0.000568,0.466775
AATGGTCCACCGTTCA-1,0.00013,0.00013,0.507025,0.00013,0.492587
AATGGTTCTCACAAGC-1,0.000263,0.000263,0.088297,0.000263,0.910913
AATGTATGGCACTGTA-1,0.000071,0.000071,0.000355,0.063136,0.936368
AATGTGCCCGAGGTGT-1,0.000054,0.077277,0.203026,0.540336,0.179307
AATGTGCTAATCTGAG-1,0.000031,0.011207,0.290694,0.019449,0.678619
AATGTTAAGACCCTGA-1,0.000023,0.148067,0.081836,0.013578,0.756496
AATGTTGTCGTGAGAC-1,0.000118,0.420351,0.009675,0.000118,0.569738
AATTAAAGGTCGGCGT-1,0.000046,0.000046,0.239151,0.308274,0.452484
AATTAACGGATTTCCA-1,0.000156,0.0607,0.06483,0.147193,0.727122
AATTACGAGACCCATC-1,0.000103,0.143721,0.045673,0.052744,0.757759
AATTACTCGTACGCTC-1,0.000807,0.000807,0.004033,0.000807,0.993547
AATTAGCGCTGCAGCG-1,0.000049,0.043437,0.444994,0.235302,0.27622
AATTATACCCAGCAAG-1,0.000026,0.2983,0.203637,0.001606,0.496431
AATTCATAAGGGATCT-1,0.00099,0.00099,0.004952,0.580041,0.413026
AATTCATTGTCATGCA-1,0.000085,0.000085,0.0056,0.064323,0.929906
AATTCCAACTTGGTGA-1,0.001191,0.001191,0.005954,0.477792,0.513873
AATTCCAAGCATGTAC-1,0.00006,0.001963,0.042991,0.157901,0.797085
AATTCGATTCGAGGAT-1,0.000069,0.582278,0.043901,0.054498,0.319254
AATTCTAGAGTTAGGC-1,0.000037,0.000037,0.610582,0.24316,0.146185
AATTGAACGCTCTGGT-1,0.000022,0.025696,0.749019,0.008187,0.217076
AATTGCAGCAATCGAC-1,0.000188,0.22097,0.000942,0.03248,0.74542
AATTGCGTGGATTACA-1,0.00005,0.00005,0.156214,0.00005,0.843635
AATTTGGGACATAGTA-1,0.000211,0.01693,0.466957,0.000211,0.51569
AATTTGGTTCCAAAGA-1,0.00012,0.00012,0.786404,0.00012,0.213236
ACAAACCATGCGTCCT-1,0.000014,0.000014,0.17419,0.000014,0.825767
ACAAACCGACAAGGCG-1,0.000169,0.000169,0.682546,0.000169,0.316948
ACAAACTCCATCAGAG-1,0.000024,0.001429,0.175497,0.004319,0.818731
ACAAAGAAGGTAGGCC-1,0.000024,0.000024,0.210027,0.460852,0.329072
ACAAAGCATGACCTAG-1,0.00012,0.093994,0.000601,0.00012,0.905164
ACAAATCGCACCGAAT-1,0.000026,0.007339,0.560513,0.32358,0.108542
ACAAATGGTAGTGTTT-1,0.000024,0.000024,0.82361,0.01253,0.163811
ACAAATTCAGATCTGA-1,0.000962,0.000962,0.004809,0.000962,0.992306
ACAACAGCATGAGCTA-1,0.000038,0.000038,0.468104,0.324028,0.207791
ACAACGGTCCCTGCGA-1,0.000345,0.09199,0.001725,0.03107,0.87487
ACAAGCAGTGCCTAGC-1,0.001493,0.131647,0.007465,0.001493,0.857903
ACAAGCTATATGGAAG-1,0.000054,0.032794,0.359387,0.018587,0.589177
ACAAGGAAATCCGCCC-1,0.000035,0.000035,0.596792,0.136952,0.266187
ACAAGGACAAGAGGTT-1,0.000161,0.009996,0.235719,0.000161,0.753963
ACAAGGATGCTTTAGG-1,0.000265,0.000265,0.001327,0.000265,0.997877
ACAAGGCCTACCAGCC-1,0.000302,0.078655,0.001511,0.000302,0.919229
ACAAGGGCAGGCTCTG-1,0.000038,0.007879,0.390187,0.323663,0.278233
ACAAGTAATTGTAAGG-1,0.000048,0.060047,0.543275,0.000048,0.396583
ACAATAGTCGTACGTT-1,0.00008,0.023518,0.156803,0.427758,0.391841
ACAATCCATTTAAACC-1,0.000048,0.000048,0.334362,0.232963,0.432579
ACAATCGATCTTTATA-1,0.000479,0.107612,0.488904,0.000479,0.402528
ACAATGAATACGGAGA-1,0.000018,0.594299,0.287682,0.047385,0.070616
ACAATGATTCTTCTAC-1,0.001205,0.001205,0.068001,0.001205,0.928384
ACAATTGTGTCTCTTT-1,0.000063,0.000064,0.411131,0.27554,0.313202
ACAATTTAGGAGGCTC-1,0.000259,0.000259,0.083793,0.116083,0.799606
ACAATTTGAGCAGTGG-1,0.000285,0.000285,0.125945,0.190997,0.682488
ACAATTTGGCCATATT-1,0.000034,0.014056,0.765101,0.021026,0.199783
ACACAAAGACGGGTGG-1,0.000077,0.000077,0.511975,0.000077,0.487794
ACACAAATATTCCTAG-1,0.000157,0.000157,0.561189,0.000157,0.43834
ACACACCAGGACCAGT-1,0.00002,0.024505,0.566373,0.408476,0.000626
ACACACTTTCTACACG-1,0.000229,0.070381,0.758529,0.013012,0.157849
ACACATGATCAAATCT-1,0.000041,0.140546,0.069279,0.193073,0.597061
ACACATTGACGCAACA-1,0.001613,0.001613,0.008067,0.001613,0.987093
ACACATTTCCGTAGAC-1,0.000062,0.051876,0.112894,0.016573,0.818594
ACACCACATAATTAGC-1,0.000019,0.008147,0.385072,0.559416,0.047346
ACACCCAGCATGCAGC-1,0.000249,0.000249,0.020484,0.000249,0.978768
ACACCCGAGAAATCCG-1,0.00032,0.00032,0.001598,0.00032,0.997443
ACACCCGTAAATCTGT-1,0.000585,0.000585,0.16747,0.000585,0.830776
ACACCGAGCGCTCTTT-1,0.000362,0.056646,0.093,0.059408,0.790584
ACACCGGTCTGACCGC-1,0.000031,0.000031,0.000154,0.103445,0.896339
ACACCTTAAGTAGGGC-1,0.000163,0.117134,0.392758,0.000163,0.489782
ACACCTTACTACTTGC-1,0.000025,0.00764,0.87437,0.031398,0.086566
ACACGAGACTCCTTCT-1,0.000114,0.000114,0.138506,0.243638,0.617628
ACACGGCACTATGCAT-1,0.000136,0.000136,0.949658,0.000136,0.049935
ACACGGGAACTTAGGG-1,0.000441,0.000441,0.170901,0.177197,0.651021
ACACGTAGGCCACAAG-1,0.000338,0.099233,0.00169,0.02445,0.874289
ACACTCCAATGTCACT-1,0.000483,0.000483,0.426447,0.000483,0.572103
ACACTGATCAAGGTGT-1,0.000012,0.025395,0.908923,0.04796,0.01771
ACACTGGGACAGTCGT-1,0.00047,0.075714,0.002348,0.00047,0.920999
ACAGAACTGAGAACAA-1,0.000017,0.013787,0.609548,0.29208,0.084568
ACAGATTAGGTTAGTG-1,0.000885,0.086293,0.298151,0.072437,0.542234
ACAGCATAGAGCCAGT-1,0.000476,0.000476,0.271597,0.000476,0.726974
ACAGCGACATTCTCAT-1,0.00042,0.00042,0.002101,0.00042,0.996638
ACAGCGCACCCGCAGC-1,0.000503,0.000503,0.164225,0.025782,0.808987
ACAGGAGGCGCAGCCG-1,0.000254,0.000254,0.001269,0.000254,0.997969
ACAGGCTTGCCCGACT-1,0.000056,0.03155,0.533848,0.030478,0.404069
ACAGGTGGAGGTGAGG-1,0.000019,0.023867,0.839088,0.060135,0.07689
ACAGGTGTGTTGTTGC-1,0.000051,0.01144,0.438559,0.08679,0.463161
ACAGTAATACAACTTG-1,0.000042,0.000042,0.458162,0.324161,0.217594
ACAGTATACCGTGGGA-1,0.001613,0.001613,0.008067,0.001613,0.987094
ACAGTGCAGCGCATTT-1,0.001563,0.001563,0.007815,0.001563,0.987497
ACATAAGTCGTGGTGA-1,0.000069,0.031889,0.194379,0.033684,0.739979
ACATAATAAGGCGGTG-1,0.000515,0.000516,0.002578,0.000516,0.995875
ACATACAATCAAGCGG-1,0.000026,0.969238,0.030658,0.000026,0.000052
ACATCAGCTGGGACGC-1,0.000108,0.000108,0.627601,0.000108,0.372077
ACATCCCGGCCATACG-1,0.000031,0.023212,0.693011,0.144853,0.138892
ACATCCTGGTAACTGT-1,0.000021,0.000021,0.930871,0.011013,0.058073
ACATCGATCGTTTACC-1,0.000054,0.044969,0.698196,0.094484,0.162297
ACATCGCAATATTCGG-1,0.000057,0.113084,0.480694,0.000057,0.406108
ACATCGGTCAGCCGCG-1,0.000039,0.000039,0.522687,0.195356,0.28188
ACATCGTATGCAATGG-1,0.000045,0.000045,0.629332,0.116109,0.254469
ACATCGTTAACCTAGT-1,0.000893,0.000893,0.004466,0.000893,0.992855
ACATCTCAACGCGTAA-1,0.000201,0.000201,0.178609,0.108972,0.712016
ACATGCTTACGGCAGC-1,0.000024,0.000024,0.26937,0.000024,0.730559
ACATGGCGCCAAAGTA-1,0.000015,0.015444,0.439143,0.504034,0.041364
ACATGGCTCAATTTAG-1,0.000572,0.000572,0.308907,0.000572,0.689378
ACATTAGTTTATATCC-1,0.000039,0.026002,0.760255,0.14724,0.066464
ACATTCGCGCGGAATA-1,0.000036,0.000036,0.045936,0.001735,0.952257
ACATTTGAAACCTAAC-1,0.000011,0.999898,0.000056,0.000011,0.000023
ACCAAACACCCAGCGA-1,0.000295,0.000295,0.071955,0.000295,0.927159
ACCAAACTAGAAATCC-1,0.000314,0.000314,0.167017,0.000314,0.832042
ACCAACACCACACACT-1,0.000544,0.000544,0.400393,0.000544,0.597976
ACCAACCGCACTCCAC-1,0.000127,0.044553,0.127604,0.000127,0.827589
ACCAACGCTTATTTAT-1,0.000027,0.025444,0.704626,0.096782,0.173122
ACCAAGAACGCGTGTC-1,0.000089,0.04932,0.026542,0.392756,0.531293
ACCAAGTCATCGGCAG-1,0.000048,0.976789,0.004024,0.000048,0.019091
ACCAATATGCAAGTTA-1,0.000114,0.051411,0.365894,0.029354,0.553226
ACCACAACTCAGAACA-1,0.00099,0.00099,0.004952,0.00099,0.992077
ACCACAAGTTTCTATC-1,0.000251,0.045896,0.166811,0.33906,0.447982
ACCACACGGTTGATGG-1,0.000033,0.145645,0.151889,0.000033,0.7024
ACCACCAATGTAACAA-1,0.000016,0.017843,0.689095,0.126234,0.166811
ACCACCCTCTCTTCTA-1,0.000516,0.000516,0.002578,0.393265,0.603126
ACCACGTGCAGCTATA-1,0.000044,0.010129,0.607815,0.230922,0.151091
ACCACTGTTCAAGAAG-1,0.00009,0.00009,0.872733,0.00009,0.126996
ACCAGACCATAACAAC-1,0.00002,0.022822,0.261965,0.086894,0.628299
ACCAGCCCGGTCTTTG-1,0.000184,0.000184,0.263554,0.000184,0.735894
ACCAGGAGTGTGATCT-1,0.000439,0.000439,0.190244,0.000439,0.80844
ACCAGTGCCCGGTCAA-1,0.001282,0.001282,0.006412,0.001282,0.989741
ACCAGTGCGGGAGACG-1,0.000036,0.000036,0.754086,0.083212,0.16263
ACCATATCCGCAATAA-1,0.000025,0.025753,0.211548,0.661337,0.101337
ACCATCCGCCAACTAG-1,0.000017,0.01296,0.605746,0.375814,0.005462
ACCATCGTATATGGTA-1,0.000025,0.009227,0.590282,0.307975,0.092491
ACCATTAAGGGTGTCA-1,0.000952,0.000953,0.004763,0.000953,0.992379
ACCCAACGCCCGTGGC-1,0.000063,0.000063,0.149802,0.166554,0.683517
ACCCACCTACATGCTC-1,0.001111,0.001111,0.005557,0.001111,0.991109
ACCCATCTTGAGGGTA-1,0.000046,0.038054,0.425942,0.420422,0.115536
ACCCATTTGTCCCTCT-1,0.000226,0.000226,0.191563,0.000226,0.80776
ACCCGAGCGAAATTAC-1,0.00004,0.138791,0.33661,0.012994,0.511565
ACCCGATTGGTTCCGA-1,0.000074,0.000586,0.000369,0.151856,0.847116
ACCCGGAAACTCCCAG-1,0.000136,0.000136,0.215188,0.127109,0.657431
ACCCGGAGCACCACAA-1,0.000581,0.000582,0.002908,0.211984,0.783945
ACCCGGATGACGCATC-1,0.000017,0.000017,0.99253,0.003515,0.003922
ACCCGGTTACACTTCC-1,0.000035,0.013016,0.47787,0.413121,0.095958
ACCCGTAGCAGAGAAT-1,0.000031,0.057325,0.148287,0.427936,0.36642
ACCCGTAGTCTAGTTG-1,0.000128,0.474563,0.10695,0.000128,0.418231
ACCCGTGTCATCAGTA-1,0.000073,0.061474,0.486909,0.007129,0.444415
ACCCTATAGGACTGAG-1,0.000662,0.073179,0.003312,0.000662,0.922184
ACCCTATGCCATATCG-1,0.000035,0.006256,0.805298,0.022459,0.165952
ACCCTCCCGTCAGGGC-1,0.000062,0.847342,0.042563,0.032368,0.077665
ACCCTCCCTTGCTATT-1,0.00002,0.007882,0.962691,0.00002,0.029387
ACCCTGGTAACGCCCT-1,0.001754,0.001755,0.008774,0.001755,0.985961
ACCCTTCATCTGCGAA-1,0.000082,0.000082,0.953724,0.000082,0.04603
ACCCTTGCCTGGGTCG-1,0.000877,0.000877,0.004387,0.000877,0.992981
ACCCTTTAGTTCTCCA-1,0.000444,0.000445,0.357275,0.000445,0.641391
ACCGAAAGGGCCCTGC-1,0.001075,0.001076,0.005378,0.001076,0.991396
ACCGAAGAGTCTGGTT-1,0.000032,0.023863,0.457199,0.000032,0.518874
ACCGACACATCTCCCA-1,0.000086,0.103117,0.517233,0.000086,0.379477
ACCGACTGAGTCCCAC-1,0.000252,0.038356,0.00126,0.358045,0.602087
ACCGAGTCTCCTTATT-1,0.000168,0.393904,0.000839,0.141419,0.46367
ACCGATAGGCATAACC-1,0.000633,0.093637,0.003165,0.000633,0.901932
ACCGATATTTAATCAT-1,0.00019,0.072154,0.564418,0.000191,0.363047
ACCGATGGTAGCATCG-1,0.000033,0.016104,0.600977,0.37162,0.011267
ACCGCAATAACTGCCT-1,0.000015,0.011611,0.908905,0.000343,0.079126
ACCGCGGTGGAAGTCG-1,0.000022,0.011601,0.695061,0.14414,0.149176
ACCGCTAGTCATTGGT-1,0.000042,0.000042,0.000211,0.026512,0.973192
ACCGGGCCTTTGTTGA-1,0.000019,0.005922,0.902534,0.014253,0.077271
ACCGGTCAGGTACACC-1,0.000064,0.056509,0.127942,0.098925,0.71656
ACCGGTCTGAGTACGG-1,0.000847,0.000848,0.004239,0.000848,0.993218
ACCGTCCACTGGGCCC-1,0.000054,0.000055,0.15061,0.009025,0.840256
ACCGTGACCACGTGGG-1,0.000046,0.460115,0.115404,0.154697,0.269739
ACCGTTCCCGCTCTGA-1,0.001667,0.098078,0.008335,0.001667,0.890252
ACCTAAGTACCTTTCA-1,0.000022,0.023472,0.523484,0.406459,0.046563
ACCTAATCGACTTCCT-1,0.000242,0.000242,0.300331,0.000242,0.698942
ACCTACAGTATGTGGT-1,0.000019,0.000019,0.950609,0.000019,0.049334
ACCTACTATAAATCTA-1,0.00006,0.087864,0.158034,0.001484,0.752557
ACCTCAGCGAGGCGCA-1,0.000195,0.822018,0.177204,0.000195,0.000389
ACCTCCGCCCTCGCTG-1,0.000288,0.02988,0.407681,0.109658,0.452494
ACCTCCGTTATTCACC-1,0.000024,0.013071,0.815234,0.161167,0.010504
ACCTCGAACTTATGCT-1,0.000076,0.000076,0.000379,0.101772,0.897697
ACCTGCGTGTCATGTT-1,0.000038,0.000038,0.306293,0.42781,0.265822
ACCTTTCCTTTAGAAG-1,0.000629,0.062581,0.003145,0.000629,0.933016
ACGAAATGGGCGGCAC-1,0.001,0.001,0.005002,0.001,0.991998
ACGACCCATGAGTTGC-1,0.000376,0.000376,0.071733,0.000376,0.927138
ACGACTCTAGGGCCGA-1,0.000047,0.831373,0.000234,0.031213,0.137132
ACGACTGGTCATACTC-1,0.000037,0.093741,0.146586,0.070497,0.689139
ACGAGAACCCATCACG-1,0.000415,0.000415,0.002075,0.000415,0.99668
ACGAGATATTTGCTTA-1,0.002703,0.002703,0.344123,0.002703,0.647767
ACGAGGATACCACTCT-1,0.000025,0.000025,0.532449,0.206008,0.261492
ACGAGGTTTACAACGT-1,0.000062,0.104554,0.061447,0.173216,0.66072
ACGAGTACGGATGCCC-1,0.000095,0.000095,0.226865,0.484259,0.288687
ACGAGTCGCCGGCGTT-1,0.003333,0.003334,0.016671,0.003334,0.973327
ACGATACATAGAACTA-1,0.000476,0.000476,0.316206,0.000476,0.682366
ACGATACCTATCCTGA-1,0.000133,0.009319,0.000665,0.111156,0.878727
ACGATCATACATAGAG-1,0.000943,0.000944,0.004718,0.10605,0.887344
ACGATCATCTTGTAAA-1,0.000019,0.004367,0.751051,0.241791,0.002772
ACGATGCATATGTTAT-1,0.000075,0.000075,0.197617,0.415586,0.386647
ACGATGGATCCGATGC-1,0.000138,0.000138,0.999308,0.000138,0.000277
ACGCAAACTAATAGAT-1,0.000053,0.100348,0.193199,0.10934,0.59706
ACGCAATCACTACAGC-1,0.000526,0.053116,0.002632,0.000526,0.943199
ACGCATAAATGACATG-1,0.002942,0.002942,0.01471,0.002942,0.976464
ACGCATACGTTTACTA-1,0.000226,0.098209,0.24933,0.000226,0.65201
ACGCATTCGTGAGTAC-1,0.000095,0.000095,0.004252,0.3645,0.631059
ACGCCACTCGAAACAG-1,0.000017,0.061258,0.049376,0.008714,0.880635
ACGCCAGATGATTTCT-1,0.000474,0.000474,0.00237,0.000474,0.996208
ACGCCAGTGCGTTTGC-1,0.000029,0.999742,0.000143,0.000029,0.000057
ACGCCCAGCTGTCGAT-1,0.000182,0.000182,0.061666,0.000182,0.93779
ACGCCGCTAGACGACC-1,0.000014,0.000014,0.930579,0.060086,0.009307
ACGCCTGACACGCGCT-1,0.001333,0.001334,0.006669,0.001334,0.989331
ACGCGAAGTCAGACGA-1,0.000026,0.054838,0.65335,0.166762,0.125024
ACGCGCTACACAGGGT-1,0.000019,0.00382,0.813141,0.116285,0.066735
ACGCGGGCCAAGGACA-1,0.000051,0.000051,0.110207,0.256362,0.633329
ACGCGTTTCTTAAGAG-1,0.000125,0.000125,0.226852,0.120914,0.651984
ACGCTACTGAATGGGC-1,0.000018,0.77084,0.077571,0.041152,0.110419
ACGCTAGTATCAGTGC-1,0.000083,0.000083,0.933968,0.000083,0.065783
ACGCTAGTGATACACT-1,0.000054,0.021439,0.59925,0.223587,0.15567
ACGCTGTGAGGCGTAG-1,0.000057,0.000057,0.125414,0.526757,0.347714
ACGCTTAGTGTCTCTC-1,0.000453,0.000453,0.002263,0.000453,0.996379
ACGGAACACGAGTGCC-1,0.000017,0.999845,0.000086,0.000017,0.000034
ACGGAATTTAGCAAAT-1,0.000355,0.066872,0.001774,0.25747,0.673531
ACGGACGCAGCGACAA-1,0.000025,0.015592,0.005701,0.090779,0.887905
ACGGACTCTCAAAGCG-1,0.000356,0.235021,0.012543,0.000356,0.751724
ACGGATGGTGCGGATA-1,0.000124,0.084366,0.351906,0.027941,0.535663
ACGGCACTTGCTTGGG-1,0.000066,0.016738,0.281438,0.356317,0.345441
ACGGCCAACATGGACT-1,0.000018,0.025839,0.654979,0.185329,0.133836
ACGGCGACGATGGGAA-1,0.000015,0.001589,0.936062,0.000015,0.06232
ACGGCGGGTTGCCCTG-1,0.002,0.002,0.010003,0.002001,0.983996
ACGGCTGGATGTAGAA-1,0.000024,0.01391,0.356429,0.007479,0.622158
ACGGGAGTGTCGGCCC-1,0.000025,0.000025,0.629428,0.103334,0.267189
ACGGGCGTATGCGACA-1,0.000901,0.000901,0.004506,0.000901,0.992791
ACGGGTCATGTGACTT-1,0.000276,0.000276,0.128657,0.000276,0.870514
ACGGGTTGTGACCTGT-1,0.000107,0.026092,0.000535,0.150906,0.82236
ACGGTCACCGAGAACA-1,0.000028,0.000028,0.141925,0.070063,0.787956
ACGTACAGATTTCTCT-1,0.000356,0.018822,0.145713,0.000356,0.834753
ACGTACTTTGGCACGG-1,0.000046,0.036813,0.000231,0.150054,0.812856
ACGTAGATTGCTGATG-1,0.000081,0.000081,0.228995,0.344466,0.426377
ACGTAGGAGAGTCGCT-1,0.000039,0.07193,0.331012,0.064267,0.532752
ACGTATTACTCCGATC-1,0.000042,0.000042,0.643115,0.247795,0.109005
ACGTCCTAAACGAGAT-1,0.00069,0.00069,0.003449,0.00069,0.994481
ACGTCGGGCAACTCGG-1,0.000043,0.001566,0.000215,0.45633,0.541846
ACGTCTCGTTCCGGGA-1,0.000039,0.024771,0.001092,0.687904,0.286193
ACGTGACAAAGTAAGT-1,0.000021,0.519498,0.154069,0.181244,0.145168
ACGTGCGCCTCGTGCA-1,0.000352,0.000352,0.154111,0.031516,0.813668
ACGTGGTCGAATGTGC-1,0.000375,0.064006,0.001873,0.000375,0.933371
ACGTTAATGTCGAAGA-1,0.000025,0.000025,0.815878,0.089107,0.094965
ACGTTAGATTTGCCCG-1,0.000079,0.000079,0.350774,0.427479,0.221589
ACGTTATTGGTCACTC-1,0.001124,0.001124,0.00562,0.001124,0.991009
ACGTTCACTATGCCGC-1,0.000039,0.000039,0.040208,0.000039,0.959674
ACGTTCCGCGCTCCGT-1,0.00069,0.00069,0.003449,0.00069,0.994481
ACGTTCGCAATCAATT-1,0.000022,0.043777,0.613392,0.308633,0.034177
ACGTTCGTTCAGGAAA-1,0.000012,0.861658,0.061635,0.053359,0.023335
ACGTTCTGTACAAGTC-1,0.000132,0.158692,0.060181,0.000132,0.780863
ACGTTGTCGTTGAAAG-1,0.000034,0.013649,0.00017,0.065628,0.920519
ACGTTTAGTTGTGATC-1,0.000321,0.036613,0.104228,0.0902,0.768639
ACGTTTCGGTGCACTT-1,0.000021,0.795373,0.072371,0.008781,0.123455
ACTAAGGACGCACACC-1,0.001316,0.001316,0.006581,0.001316,0.989471
ACTAATACGTCAGGCG-1,0.001064,0.001064,0.005321,0.001064,0.991487
ACTACAAAGAGAGGTG-1,0.000044,0.000044,0.116337,0.010212,0.873364
ACTACATCCCGACAAG-1,0.000026,0.024704,0.07867,0.048916,0.847685
ACTACCAGCTCTCTGG-1,0.000556,0.000556,0.51369,0.000556,0.484643
ACTACCATCCGAGGGC-1,0.000039,0.000039,0.000197,0.000039,0.999684
ACTACGCGTTAGAATT-1,0.000019,0.535108,0.407094,0.001765,0.056014
ACTAGTTGCGATCGTC-1,0.000062,0.020173,0.540852,0.168542,0.270372
ACTATATGCTGTGTTC-1,0.00049,0.113224,0.637462,0.00049,0.248334
ACTATCCAGGGCATGG-1,0.000021,0.012904,0.794055,0.142413,0.050607
ACTATCGCCGGCTAAA-1,0.000121,0.111914,0.123107,0.000121,0.764737
ACTATCTGCCCGCGTA-1,0.000267,0.000267,0.290343,0.334834,0.374289
ACTATGTCCAGCTGCC-1,0.000061,0.007976,0.000307,0.140848,0.850807
ACTATTCGTCCGTGGT-1,0.000424,0.055715,0.276182,0.000424,0.667255
ACTATTTCCGGGCCCA-1,0.000027,0.590534,0.303721,0.012585,0.093132
ACTCAACGAATGTATT-1,0.001493,0.001493,0.007465,0.001493,0.988057
ACTCAAGTGCAAGGCT-1,0.000317,0.000318,0.14781,0.000318,0.851237
ACTCAATAAAGGCACG-1,0.000262,0.000262,0.696401,0.000262,0.302814
ACTCAGACCTGCTTCT-1,0.000131,0.000131,0.408453,0.000131,0.591153
ACTCATGGCAGCCTTC-1,0.000043,0.000043,0.000215,0.077766,0.921932
ACTCCAATATCATCAT-1,0.00007,0.032963,0.236944,0.00007,0.729953
ACTCCCATTCCTAAAG-1,0.000022,0.007739,0.118782,0.856697,0.01676
ACTCCCGAATTCGTTT-1,0.000027,0.015166,0.769645,0.088828,0.126335
ACTCCCGTAGACTAGG-1,0.00137,0.00137,0.006852,0.00137,0.989038
ACTCCCTAATGCTAAA-1,0.000061,0.000061,0.676118,0.000061,0.323698
ACTCCCTAGAATAGTA-1,0.000038,0.04041,0.608065,0.144547,0.20694
ACTCCGGCCGACCACT-1,0.00003,0.963764,0.000152,0.000637,0.035416
ACTCGATGTATTTCAT-1,0.000633,0.000633,0.003165,0.000633,0.994935
ACTCGCGATCTGACGC-1,0.000015,0.002972,0.930599,0.008093,0.058322
ACTCGTAACCCGTCCT-1,0.000029,0.000029,0.2028,0.626076,0.171066
ACTCGTCAGTAATCCC-1,0.000019,0.006003,0.984966,0.008841,0.000171
ACTCTAAACCTGGGAT-1,0.000276,0.000276,0.001382,0.000276,0.997789
ACTCTCTGACTTAGGT-1,0.000042,0.025427,0.893407,0.054032,0.027091
ACTCTCTTATACACGA-1,0.000271,0.000271,0.285838,0.000271,0.713349
ACTCTGACCTAATAGA-1,0.000046,0.755423,0.082815,0.035925,0.125792
ACTCTTCAGCTCCCGC-1,0.00001,0.011195,0.980681,0.007427,0.000686
ACTCTTGTATAGTAAC-1,0.000048,0.000048,0.641254,0.212671,0.14598
ACTGAAACGCCGTTAG-1,0.000229,0.033081,0.084637,0.000229,0.881823
ACTGAATGGCGAAAGT-1,0.00002,0.00002,0.839618,0.013679,0.146662
ACTGATTTAGTGATTC-1,0.000599,0.000599,0.002995,0.106437,0.889371
ACTGCCCGCCATTCTC-1,0.000067,0.047355,0.000333,0.196419,0.755826
ACTGCCGTCGTAACTC-1,0.000066,0.046295,0.607721,0.000066,0.345851
ACTGCGGACACACCGT-1,0.000022,0.003007,0.912585,0.046132,0.038254
ACTGCTCGGAAGGATG-1,0.000014,0.772438,0.079451,0.117478,0.030619
ACTGGCGAACCTGCGT-1,0.000901,0.000901,0.004506,0.000901,0.992791
ACTGGGATGCCAGTGC-1,0.000048,0.000048,0.000242,0.158076,0.841585
ACTGTACGATACACAT-1,0.000098,0.016185,0.348486,0.208877,0.426354
ACTGTAGCACTTTGGA-1,0.00017,0.00017,0.487564,0.146221,0.365875
ACTGTATACGCGAGCA-1,0.000658,0.000658,0.150327,0.000658,0.847699
ACTGTCCAGGATTATA-1,0.000071,0.028408,0.29301,0.156747,0.521764
ACTGTCTTCTTTAGAA-1,0.000092,0.000092,0.50976,0.005952,0.484104
ACTGTGCTAGTAGATC-1,0.000549,0.00055,0.396323,0.00055,0.602028
ACTGTTTAGTGTAGGC-1,0.001266,0.001266,0.006331,0.001266,0.989871
ACTTACCGGGCGCGCA-1,0.000091,0.000091,0.84791,0.000547,0.15136
ACTTACGCATCCACGC-1,0.000245,0.000245,0.204425,0.000245,0.794842
ACTTAGTACGACAAGA-1,0.0004,0.10053,0.002001,0.026545,0.870525
ACTTATACTTACCCGG-1,0.000027,0.000027,0.914137,0.073095,0.012713
ACTTATCTGATCTATA-1,0.000614,0.000614,0.003068,0.162091,0.833613
ACTTATTAGGATCGGT-1,0.000052,0.002303,0.48766,0.354671,0.155314
ACTTATTTATGTGCCA-1,0.00003,0.037651,0.845354,0.016832,0.100132
ACTTCAGGCTGATCCC-1,0.000047,0.010208,0.731362,0.036425,0.221958
ACTTCCAGTGGAAGCT-1,0.000077,0.032676,0.094708,0.050611,0.821928
ACTTCCATGCGGGACA-1,0.000325,0.000325,0.001624,0.000325,0.997402
ACTTCCTGTCGTGCGA-1,0.001299,0.001299,0.006495,0.001299,0.989608
ACTTCGCCATACGCAC-1,0.000356,0.000356,0.50669,0.000356,0.492242
ACTTCGCTAGCGAGTG-1,0.000012,0.000012,0.880136,0.031864,0.087975
ACTTGACTCCCTCTTT-1,0.000031,0.006672,0.97862,0.000872,0.013804
ACTTGCCATATTGTAC-1,0.000658,0.000658,0.00329,0.000658,0.994735
ACTTGCTCTATCTACC-1,0.000057,0.000057,0.538905,0.000057,0.460925
ACTTGGGACCCGGTGG-1,0.000078,0.000078,0.179937,0.037608,0.782299
ACTTGGGCTTTCGCCA-1,0.000273,0.000273,0.792427,0.000273,0.206755
ACTTGTAGTCCCTTCA-1,0.000023,0.003081,0.879506,0.027414,0.089975
ACTTGTGGATGGAACG-1,0.00013,0.035441,0.432607,0.035484,0.496337
ACTTGTTACCGGATCA-1,0.000021,0.006456,0.342839,0.000021,0.650663
ACTTTACCCTCATGAA-1,0.000015,0.001852,0.807601,0.17303,0.017503
ACTTTATACACCACTT-1,0.000033,0.000033,0.243994,0.012965,0.742975
ACTTTCCTATAGCTTC-1,0.000277,0.132679,0.001385,0.000277,0.865381
ACTTTGACTGCATCCT-1,0.000065,0.000065,0.086428,0.579064,0.334377
ACTTTGGTCGTGCTCC-1,0.000085,0.000085,0.009944,0.076768,0.913119
ACTTTGTCGACGCACT-1,0.001075,0.001076,0.005378,0.06698,0.925491
AGAAATTATGACTCGC-1,0.000195,0.075565,0.3201,0.186397,0.417742
AGAACACGGCGATGGT-1,0.000025,0.002439,0.010267,0.097415,0.889854
AGAACCCAGCGTGACA-1,0.000022,0.000022,0.687054,0.12371,0.189193
AGAACCCTCAATTGGG-1,0.000034,0.055258,0.001235,0.207162,0.736311
AGAACGTGGTACATTC-1,0.000781,0.000781,0.003907,0.219717,0.774813
AGAACTGTACTTTGTA-1,0.000023,0.948989,0.02557,0.000023,0.025395
AGAAGAGCGCCGTTCC-1,0.000463,0.000463,0.807536,0.000463,0.191075
AGAAGGTACACTTCAC-1,0.000013,0.000795,0.762582,0.156535,0.080075
AGAAGGTTGCCGAATT-1,0.000012,0.005537,0.970989,0.019617,0.003845
AGAAGGTTGTAGGTCG-1,0.000073,0.789334,0.04458,0.000073,0.16594
AGAAGTGATTCGTGAT-1,0.000037,0.000037,0.575195,0.273889,0.150841
AGAATAAATCTTCAGG-1,0.000046,0.000046,0.320079,0.199835,0.479993
AGAATACAGGCTATCC-1,0.000015,0.999868,0.000073,0.000015,0.000029
AGAATGCGGGTTCGGA-1,0.000614,0.000614,0.003068,0.000614,0.995091
AGAATTATGGATTCGA-1,0.00003,0.000828,0.736179,0.165999,0.096964
AGAATTGTTTGACATA-1,0.00051,0.00051,0.002552,0.00051,0.995917
AGACAGCTCAGAATCC-1,0.001449,0.00145,0.007249,0.00145,0.988402
AGACAGGCATCTCAGC-1,0.00047,0.00047,0.503232,0.00047,0.495359
AGACATAGATCCTTCC-1,0.00115,0.00115,0.005749,0.00115,0.990802
AGACCAAACCACACCT-1,0.000018,0.009529,0.55134,0.272666,0.166447
