Barcode,Topic 1,Topic 2,Topic 3,Topic 4,Topic 5to9
AAACAAGTATCTCCCA-1,0.5542,0.440645,0.000736,0.000736,0.003682
AAACAATCTACTAGCA-1,0.156785,0.72259,0.000363,0.000363,0.119898
AAACACCAATAACTGC-1,0.195792,0.719437,0.000344,0.000344,0.084083
AAACAGAGCGACTCCT-1,0.044698,0.117406,0.025412,0.050252,0.762231
AAACAGCTTTCAGAAG-1,0.321588,0.244062,0.000258,0.171038,0.263055
AAACAGGGTCTATATT-1,0.346697,0.650563,0.000391,0.000391,0.001957
AAACATGGTGAGAGGA-1,0.074399,0.915226,0.001482,0.001482,0.007411
AAACATTTCCCGGATT-1,0.408194,0.588268,0.000505,0.000505,0.002527
AAACCACTACACAGAT-1,0.03501,0.343159,0.000144,0.000144,0.621544
AAACCCGAACGAAATC-1,0.019649,0.724155,0.205747,0.000035,0.050412
AAACCGGAAATGTTAA-1,0.050835,0.428971,0.371622,0.030109,0.118463
AAACCGGGTAGGTACC-1,0.252816,0.743847,0.00045,0.00045,0.002437
AAACCGTTCGTCCAGG-1,0.007143,0.193637,0.003671,0.123602,0.671948
AAACCTAAGCAGCCGG-1,0.123455,0.073956,0.001998,0.019116,0.781474
AAACCTCATGAAGTTG-1,0.000426,0.73989,0.000426,0.225216,0.034042
AAACGAAGAACATACC-1,0.082743,0.340855,0.027873,0.00004,0.548489
AAACGAAGATGGAGTA-1,0.220525,0.696825,0.000131,0.000131,0.082388
AAACGAGACGGTTGAT-1,0.000038,0.256797,0.00843,0.05215,0.682584
AAACGCCCGAGATCGG-1,0.020727,0.07292,0.018687,0.104595,0.783071
AAACGCTGGGCACGAC-1,0.193633,0.19839,0.549979,0.000061,0.057936
AAACGGGCGTACGGGT-1,0.241011,0.757589,0.0002,0.0002,0.001
AAACGGGTTGGTATCC-1,0.059002,0.700221,0.000149,0.000149,0.240477
AAACGTGTTCGCCCTA-1,0.004111,0.553015,0.057737,0.009452,0.375684
AAACTAACGTGGCGAC-1,0.022747,0.08289,0.001301,0.07159,0.82147
AAACTCGGTTCGCAAT-1,0.01223,0.306297,0.000135,0.003495,0.677843
AAACTCGTGATATAAG-1,0.189572,0.349062,0.21413,0.002174,0.245062
AAACTGCTGGCTCCAA-1,0.004423,0.128088,0.042549,0.098214,0.726726
AAACTTAATTGCACGC-1,0.378466,0.618331,0.000458,0.000458,0.002288
AAACTTGCAAACGTAT-1,0.000376,0.848244,0.000376,0.000376,0.150629
AAAGAATGACCTTAGA-1,0.046174,0.95164,0.000312,0.000312,0.001562
AAAGAATGTGGACTAA-1,0.687434,0.266529,0.000087,0.000087,0.045862
AAAGACCCAAGTCGCG-1,0.188095,0.810608,0.000185,0.000185,0.000927
AAAGACTGGGCGCTTT-1,0.208958,0.538071,0.000205,0.000205,0.252561
AAAGCTTGCCTACATA-1,0.010931,0.387584,0.475364,0.006278,0.119844
AAAGGCCCTATAATAC-1,0.544609,0.449539,0.000836,0.000836,0.00418
AAAGGCTACGGACCAT-1,0.000024,0.029247,0.00806,0.270537,0.692131
AAAGGCTCTCGCGCCG-1,0.03355,0.258358,0.000037,0.002788,0.705267
AAAGGGATGTAGCAAG-1,0.021068,0.08442,0.000037,0.056821,0.837655
AAAGGGCAGCTTGAAT-1,0.119087,0.876252,0.000666,0.000666,0.003329
AAAGGTAAGCTGTACC-1,0.080831,0.141688,0.017998,0.020043,0.73944
AAAGTAGCATTGCTCA-1,0.063687,0.92966,0.00095,0.00095,0.004751
AAAGTCACTGATGTAA-1,0.143886,0.574238,0.000111,0.000111,0.281655
AAAGTCGACCCTCAGT-1,0.100967,0.617616,0.000323,0.000323,0.28077
AAAGTGCCATCAATTA-1,0.16545,0.680502,0.153796,0.000042,0.000211
AAAGTGTGATTTATCT-1,0.357843,0.546673,0.000215,0.000215,0.095055
AAAGTTGACTCCCGTA-1,0.42167,0.516261,0.000196,0.000196,0.061676
AAATAACCATACGGGA-1,0.00409,0.097496,0.029349,0.09924,0.769826
AAATAAGGTAGTGCCC-1,0.000029,0.690595,0.208264,0.010527,0.090585
AAATACCTATAAGCAT-1,0.021315,0.249034,0.018736,0.041996,0.668918
AAATAGCTTAGACTTT-1,0.194156,0.804299,0.000221,0.000221,0.001103
AAATAGGGTGCTATTG-1,0.024981,0.2769,0.016744,0.035746,0.64563
AAATCCGATACACGCC-1,0.112301,0.453217,0.000095,0.000095,0.434292
AAATCGCGGAAGGAGT-1,0.287207,0.707153,0.000806,0.000806,0.004028
AAATCGTGTACCACAA-1,0.053892,0.198394,0.000044,0.015922,0.731748
AAATCTAGCCCTGCTA-1,0.436131,0.553208,0.001523,0.001523,0.007615
AAATCTGCCCGCGTCC-1,0.068372,0.840553,0.000196,0.000196,0.090682
AAATGACTGATCAAAC-1,0.043558,0.182119,0.010705,0.02894,0.734678
AAATGATTCGATCAGC-1,0.025172,0.275678,0.415232,0.040638,0.24328
AAATGCTCGTTACGTT-1,0.14871,0.846601,0.00067,0.00067,0.003349
AAATGGCATGTCTTGT-1,0.001059,0.219155,0.001909,0.030654,0.747224
AAATGGCCCGTGCCCT-1,0.210338,0.785314,0.000621,0.000621,0.003106
AAATGGTCAATGTGCC-1,0.063058,0.317194,0.000077,0.000077,0.619593
AAATGTATCTTATCCC-1,0.093662,0.486751,0.000214,0.000214,0.41916
AAATGTGGGTGCTCCT-1,0.265787,0.429734,0.000305,0.000305,0.303868
AAATTAACGGGTAGCT-1,0.00005,0.026388,0.00603,0.10032,0.867212
AAATTAATAAGCGCGA-1,0.052306,0.784925,0.000332,0.000332,0.162106
AAATTACACGACTCTG-1,0.00429,0.10871,0.024699,0.059408,0.802893
AAATTACCTATCGATG-1,0.068575,0.232044,0.005349,0.00086,0.693172
AAATTCCAGGTCCAAA-1,0.000025,0.463371,0.355016,0.056424,0.125164
AAATTGATAGTCCTTT-1,0.037616,0.960759,0.000232,0.000232,0.001161
AAATTGCGGCGGTTCT-1,0.12901,0.86633,0.000666,0.000666,0.003329
AAATTGGTGAGAAGCA-1,0.004412,0.705043,0.032207,0.008419,0.249918
AAATTTACCGAAATCC-1,0.000043,0.301517,0.004066,0.109955,0.584419
AAATTTGCGGGTGTGG-1,0.178575,0.709135,0.0002,0.0002,0.111889
AACAACTGGTAGTTGC-1,0.00722,0.206402,0.08223,0.041465,0.662684
AACAATACATTGTCGA-1,0.055225,0.482909,0.000036,0.000036,0.461793
AACAATTACTCTACGC-1,0.270149,0.726452,0.000486,0.000486,0.002428
AACACACGCTCGCCGC-1,0.351223,0.272989,0.000148,0.159175,0.216465
AACACGACTGTACTGA-1,0.000066,0.418053,0.000066,0.000066,0.581748
AACACGAGACGCGGCC-1,0.178915,0.147815,0.000235,0.000235,0.6728
AACACGCGGCCGCGAA-1,0.167886,0.827562,0.00065,0.00065,0.003251
AACAGCTGTGTGGCAA-1,0.116009,0.882973,0.000145,0.000145,0.000727
AACAGGAAATCGAATA-1,0.03481,0.162528,0.024126,0.079238,0.699298
AACAGGTAGTATGGAT-1,0.166303,0.652978,0.180242,0.00008,0.000398
AACATAGCGTGTATCG-1,0.048435,0.530392,0.000054,0.000054,0.421066
AACATATCAACTGGTG-1,0.014758,0.120869,0.112062,0.135788,0.616523
AACATCGATACGTCTA-1,0.012301,0.22278,0.054113,0.016794,0.694011
AACATTGAAGTTGATC-1,0.243235,0.643212,0.000305,0.000305,0.112944
AACATTGGTCAGCCGT-1,0.164918,0.577854,0.001112,0.001112,0.255005
AACATTGTGACTCGAG-1,0.053522,0.02226,0.030625,0.172702,0.720891
AACCAAGACTTCTCTG-1,0.325578,0.385485,0.000394,0.000394,0.288148
AACCAGTATCACTCTT-1,0.007523,0.05381,0.002109,0.243692,0.692866
AACCATAGGGTTGAAC-1,0.001059,0.991528,0.001059,0.001059,0.005295
AACCATGGGATCGCTA-1,0.258524,0.739021,0.000351,0.000351,0.001754
AACCCAGAGACGGAGA-1,0.167495,0.743501,0.00025,0.00025,0.088504
AACCCATCCCATGATC-1,0.00095,0.992397,0.00095,0.00095,0.004752
AACCCGACAACCCGTG-1,0.02527,0.174833,0.116429,0.025866,0.657602
AACCCGAGCAGAATCG-1,0.836606,0.000047,0.044243,0.105964,0.013139
AACCCGATAGGGCTTC-1,0.000079,0.478653,0.076781,0.02603,0.418456
AACCCGCTGTATTCCA-1,0.000031,0.226492,0.002815,0.000194,0.770468
AACCCTACTGTCAATA-1,0.318492,0.361698,0.000143,0.000143,0.319523
AACCCTGGTGGAACCA-1,0.071622,0.138582,0.155304,0.018578,0.615914
AACCGAGCTTGGTCAT-1,0.019043,0.21677,0.007924,0.035452,0.720811
AACCGCTAAGGGATGC-1,0.338321,0.605861,0.000203,0.000203,0.055412
AACCGTTGTGTTTGCT-1,0.000062,0.375048,0.000062,0.000062,0.624766
AACCTCGCTTTAGCCC-1,0.02076,0.347403,0.006706,0.038886,0.586245
AACCTGTCACGGAATT-1,0.000034,0.371248,0.442816,0.023598,0.162304
AACCTTTACGACGTCT-1,0.00003,0.035885,0.066095,0.147858,0.750133
AACGAAAGTCGTCCCA-1,0.001766,0.985882,0.001764,0.001764,0.008823
AACGACCTCCTAGCCG-1,0.853591,0.000049,0.018868,0.127248,0.000244
AACGATAATGCCGTAG-1,0.008636,0.073302,0.083918,0.122941,0.711203
AACGATAGAAGGGCCG-1,0.40195,0.306739,0.000111,0.000111,0.291089
AACGATATGTCAACTG-1,0.000028,0.100514,0.014403,0.163827,0.721228
AACGCATGATCTGGGT-1,0.088829,0.148196,0.031968,0.05147,0.679538
AACGCGAACGGCAACA-1,0.287415,0.708401,0.000598,0.000598,0.002989
AACGCGGTCTCCAGCC-1,0.007905,0.052912,0.000045,0.137392,0.801745
AACGCTGTTGCTGAAA-1,0.401668,0.434661,0.000247,0.000247,0.163178
AACGGACGTACGTATA-1,0.20213,0.511951,0.000212,0.000212,0.285494
AACGGCCATCTCCGGT-1,0.019786,0.330377,0.000054,0.026306,0.623477
AACGTCAGACTAGTGG-1,0.399817,0.166387,0.000328,0.000328,0.43314
AACGTCATCCGGCTTG-1,0.002418,0.000089,0.115422,0.213938,0.668134
AACGTCGCTGCACTTC-1,0.936755,0.000125,0.014432,0.01924,0.029447
AACGTGATGAAGGACA-1,0.017226,0.143322,0.078609,0.135028,0.625815
AACGTGCGAAAGTCTC-1,0.013814,0.066498,0.092514,0.046498,0.780677
AACGTTATCAGCACCT-1,0.082534,0.785311,0.000363,0.000363,0.131428
AACGTTCTACCATTGT-1,0.526357,0.297857,0.064011,0.000124,0.111652
AACTACCCGTTTGTCA-1,0.091737,0.570486,0.210448,0.000084,0.127245
AACTAGCGTATCGCAC-1,0.303385,0.665435,0.00019,0.00019,0.030799
AACTAGGCTTGGGTGT-1,0.000089,0.042247,0.000089,0.000089,0.957488
AACTCAAGTTAATTGC-1,0.016072,0.233968,0.009084,0.04177,0.699106
AACTCCAGAGCGTGTT-1,0.276681,0.480502,0.000164,0.000164,0.24249
AACTCCTAATCCCATG-1,0.003149,0.04451,0.000531,0.1133,0.838511
AACTCGATGGCGCAGT-1,0.491949,0.502531,0.000788,0.000788,0.003943
AACTCTCAATAGAGCG-1,0.106001,0.282861,0.080987,0.007687,0.522464
AACTCTCAGTGTGCTC-1,0.010712,0.014363,0.101557,0.105637,0.767733
AACTGAGGTCAGCGTC-1,0.000056,0.15035,0.009459,0.025601,0.814533
AACTGAGTTATACTGA-1,0.002291,0.456733,0.425282,0.041415,0.074278
AACTGATATTAGGCCT-1,0.013473,0.21596,0.001748,0.023414,0.745404
AACTGGGTCCCGACGT-1,0.000046,0.156548,0.00005,0.08851,0.754846
AACTGGGTTCGAGCCG-1,0.099486,0.167208,0.000074,0.106029,0.627203
AACTGGTGTGGGCCTT-1,0.126355,0.63874,0.000157,0.000157,0.234591
AACTTCTGCGTCTATC-1,0.060053,0.356746,0.000145,0.012627,0.570428
AACTTGCCCGTATGCA-1,0.288552,0.469416,0.000527,0.000527,0.240978
AACTTGCGTTCTCGCG-1,0.198553,0.307398,0.000278,0.000278,0.493494
AACTTTACGGGAGCTT-1,0.096716,0.604039,0.000181,0.000181,0.298883
AACTTTAGCTGCTGAG-1,0.238789,0.461688,0.000122,0.000122,0.29928
AACTTTCTCGATCATG-1,0.000056,0.512154,0.335867,0.040411,0.111512
AAGAAAGTTTGATGGG-1,0.001002,0.991987,0.001002,0.001002,0.005008
AAGAAATCACCAGATT-1,0.022304,0.389834,0.218159,0.169993,0.19971
AAGAAGGATCAGTTAG-1,0.000576,0.995391,0.000576,0.000576,0.002881
AAGACATACGTGGTTT-1,0.793972,0.000058,0.000058,0.205625,0.000288
AAGACCAAATAACTCA-1,0.138543,0.860799,0.000094,0.000094,0.00047
AAGACCCAACTGAACA-1,0.000021,0.219633,0.000021,0.011156,0.769169
AAGACTAACCCGTTGT-1,0.071464,0.925266,0.000467,0.000467,0.002336
AAGACTGCAAGCTACT-1,0.022607,0.065489,0.042963,0.095244,0.773698
AAGAGATGAATCGGTA-1,0.000501,0.995993,0.000501,0.000501,0.002504
AAGAGCTCTTTATCGG-1,0.104442,0.004923,0.019118,0.178969,0.692547
AAGAGGATGTACGCGA-1,0.269854,0.000501,0.000501,0.000501,0.728644
AAGAGGCATGGATCGC-1,0.000015,0.000015,0.01229,0.413462,0.574218
AAGAGGCCCTTTGGAA-1,0.719337,0.130928,0.009216,0.09854,0.041979
AAGATGGCACCGGACC-1,0.036243,0.235622,0.058541,0.039112,0.630482
AAGATTGGCGGAACGT-1,0.001883,0.04297,0.011533,0.134977,0.808637
AAGCACCCTGCGTATC-1,0.001797,0.267655,0.047413,0.003449,0.679685
AAGCATACTCTCCTGA-1,0.000015,0.000015,0.001665,0.542652,0.455653
AAGCCACTTGCAGGTA-1,0.570662,0.291433,0.00013,0.00013,0.137643
AAGCCGAAGCGGTTTA-1,0.402758,0.481414,0.000282,0.000282,0.115263
AAGCCGCCGTGAAATC-1,0.113545,0.280934,0.000188,0.127299,0.478033
AAGCCGCTTTACCTTG-1,0.000067,0.477274,0.371349,0.023509,0.127801
AAGCCGGAGAGCAGGA-1,0.061849,0.602338,0.335607,0.000034,0.000171
AAGCGCAGGGCTTTGA-1,0.003358,0.041701,0.056162,0.035975,0.862804
AAGCGGAGTGCGCGCA-1,0.000031,0.496577,0.32703,0.017304,0.159059
AAGCGGCGTCATGGGT-1,0.003926,0.229893,0.000045,0.025765,0.740372
AAGCGTCCCTCATCGA-1,0.082771,0.503391,0.000072,0.000072,0.413693
AAGCTAGATCGAGTAA-1,0.013127,0.060741,0.129097,0.084613,0.712423
AAGCTATGGATTGACC-1,0.235297,0.468881,0.000188,0.113246,0.182387
AAGCTCGTGCCAAGTC-1,0.000016,0.000016,0.000406,0.483508,0.516053
AAGCTCTTTCATGGTG-1,0.000025,0.036203,0.1784,0.271144,0.514228
AAGGAGAACTTATAAG-1,0.375997,0.473375,0.000217,0.000217,0.150194
AAGGAGCGGTTGGTGC-1,0.000106,0.262269,0.018702,0.018988,0.699935
AAGGATCGATCGCTTG-1,0.000075,0.599432,0.323894,0.000075,0.076524
AAGGATGAGGGACCTC-1,0.017046,0.321413,0.000048,0.017357,0.644136
AAGGCAGGCTGTCTCC-1,0.123305,0.426801,0.268382,0.00561,0.175902
AAGGCGCGTAAAGCTT-1,0.254685,0.456506,0.000288,0.000288,0.288233
AAGGCTGTGCTCATCG-1,0.000036,0.00975,0.054351,0.220065,0.715798
AAGGGAACGACTGGCT-1,0.178857,0.815775,0.000767,0.000767,0.003834
AAGGGACAGATTCTGT-1,0.023489,0.123652,0.069843,0.128211,0.654805
AAGGGACTATGCATTC-1,0.001444,0.849888,0.001444,0.001444,0.145779
AAGGGTTAGCCATGCG-1,0.861214,0.000065,0.020566,0.117828,0.000327
AAGGGTTTGATTTCAG-1,0.001278,0.795013,0.001278,0.001278,0.201153
AAGGTATCCTAATATA-1,0.000024,0.001042,0.003672,0.334688,0.660574
AAGGTGATAAACCAGC-1,0.147531,0.440196,0.000104,0.005623,0.406546
AAGTAGAAGACCGGGT-1,0.118252,0.880361,0.000198,0.000198,0.000991
AAGTAGTGACGCGAGG-1,0.278423,0.543948,0.000567,0.000567,0.176495
AAGTCAATTGTCGTCA-1,0.088921,0.675093,0.001069,0.229571,0.005346
AAGTCTAGTAGCTGCC-1,0.017521,0.768618,0.2136,0.000044,0.000218
AAGTCTTCTGTGGCCT-1,0.000092,0.000092,0.000092,0.690763,0.308961
AAGTGACGACCGAATT-1,0.202071,0.279754,0.000469,0.000469,0.517237
AAGTGAGTCGGGTTTA-1,0.000031,0.291723,0.000031,0.010773,0.697443
AAGTGCAAAGGTAGAC-1,0.126801,0.471524,0.000196,0.048091,0.353389
AAGTGCCTTGACTGTA-1,0.570196,0.424909,0.000699,0.000699,0.003497
AAGTGCGTTAGAATCT-1,0.194064,0.799283,0.00095,0.00095,0.004752
AAGTGCTTCTCTATTG-1,0.114521,0.359146,0.056068,0.000047,0.470219
AAGTGTTTGGAGACGG-1,0.016839,0.233344,0.027376,0.023062,0.699378
AAGTTCACTCCAAGCT-1,0.062744,0.011463,0.050209,0.192229,0.683354
AAGTTCAGTCTGCGTA-1,0.01237,0.251069,0.000048,0.021127,0.715387
AAGTTCGGCCAACAGG-1,0.096439,0.810485,0.000174,0.000174,0.092728
AAGTTGTGATGTTATA-1,0.712625,0.249736,0.00036,0.00036,0.03692
AAGTTTACTAATGGCA-1,0.148548,0.299324,0.000169,0.000169,0.551791
AAGTTTATGGGCCCAA-1,0.022314,0.052339,0.012817,0.097641,0.814888
AATAACAACGCTCGGC-1,0.003178,0.974588,0.003176,0.003176,0.015882
AATAACACTAGAACAA-1,0.015563,0.110571,0.031923,0.049485,0.792458
AATAACGTCGCGCCCA-1,0.874977,0.000032,0.000032,0.124797,0.000162
AATAAGTCCTCGAGAC-1,0.061579,0.2341,0.116819,0.000033,0.587469
AATAATCTTCGTATCG-1,0.053593,0.891584,0.054572,0.000042,0.000208
AATACAATGTTTCAGG-1,0.00102,0.99184,0.00102,0.00102,0.0051
AATACCGGAGGGCTGT-1,0.028351,0.460039,0.000058,0.000058,0.511494
AATACCTGATGTGAAC-1,0.677033,0.295078,0.00014,0.00014,0.02761
AATAGAACAGAGTGGC-1,0.023068,0.255181,0.023129,0.058825,0.639797
AATAGAATCTGTTTCA-1,0.106543,0.210588,0.000046,0.031746,0.651078
AATAGCAAGCCTCCTG-1,0.068337,0.225239,0.00006,0.000092,0.706271
AATAGCTACCGCGTGC-1,0.000039,0.209793,0.047436,0.060496,0.682236
AATAGGCACGACCCTT-1,0.232745,0.765899,0.000194,0.000194,0.000969
AATAGTCCGTCCCGAC-1,0.003035,0.022927,0.026621,0.143341,0.804076
AATAGTCGCGAGTCGG-1,0.252897,0.66235,0.000257,0.000257,0.084239
AATATCAAGGTCGGAT-1,0.334544,0.664275,0.000169,0.000169,0.000844
AATATCCTAGCAAACT-1,0.126827,0.343807,0.000564,0.000564,0.528237
AATATCGAATCAATGC-1,0.067521,0.38997,0.414696,0.027926,0.099887
AATATCGAGGGTTCTC-1,0.047451,0.417869,0.000101,0.000101,0.534478
AATATTGGAGTATTGA-1,0.074148,0.739823,0.000418,0.000418,0.185192
AATCAGACTGCAGGAC-1,0.263728,0.513424,0.000231,0.000231,0.222385
AATCAGGTTTCATTTA-1,0.164609,0.538015,0.00013,0.00013,0.297117
AATCATGTAAAGACTC-1,0.062789,0.361978,0.000708,0.000708,0.573817
AATCCAAGGGCCTGAG-1,0.201791,0.796567,0.000235,0.000235,0.001173
AATCCATGCAAGGGTG-1,0.273157,0.562984,0.000317,0.000317,0.163225
AATCCCGCTCAGAGCC-1,0.043341,0.200574,0.094099,0.009719,0.652267
AATCGAGGTCTCAAGG-1,0.034311,0.011222,0.019386,0.243627,0.691455
AATCGCCTCAGCGCCA-1,0.084175,0.130838,0.061486,0.028528,0.694974
AATCGCGCAGAGGACT-1,0.000027,0.495988,0.437709,0.063088,0.003187
AATCGGGACACTACGA-1,0.132127,0.309361,0.288975,0.000055,0.269482
AATCGGTATAGCCCTC-1,0.965037,0.000049,0.014486,0.000049,0.020379
AATCGTGAGCCGAGCA-1,0.089969,0.387915,0.000074,0.002075,0.519967
AATCTAGGTTTACTTG-1,0.039596,0.956715,0.000527,0.000527,0.002635
AATCTATGCCGGAGCC-1,0.022061,0.684402,0.158246,0.00006,0.135231
AATCTCTACTGTGGTT-1,0.089698,0.283578,0.000855,0.000855,0.625014
AATCTGCGTTGGGACG-1,0.08806,0.206854,0.04111,0.031107,0.632868
AATCTGGCTTTCTAGT-1,0.270309,0.406839,0.000722,0.000722,0.321409
AATCTGGGTAGACCCT-1,0.05918,0.09894,0.011291,0.159057,0.671532
AATGACAGCAATGTCT-1,0.242815,0.432195,0.001039,0.001039,0.322912
AATGACGTAGGATGTC-1,0.00002,0.00002,0.013164,0.334354,0.652443
AATGACTGTCAGCCGG-1,0.336291,0.417392,0.000295,0.000295,0.245726
AATGAGTTCGCATATG-1,0.108704,0.886491,0.000686,0.000686,0.003432
AATGATGATACGCTAT-1,0.033649,0.112054,0.025302,0.173695,0.6553
AATGATGCGACTCCTG-1,0.000086,0.388163,0.000086,0.000086,0.61158
AATGCAACCGGGTACC-1,0.014114,0.139441,0.005188,0.04527,0.795987
AATGCACCAAGCAATG-1,0.044813,0.278319,0.000044,0.01942,0.657403
AATGGCCGCCAATGCG-1,0.000172,0.303317,0.000172,0.000172,0.696167
AATGGTCCACCGTTCA-1,0.139009,0.854612,0.000911,0.000911,0.004557
AATGTATGGCACTGTA-1,0.205353,0.78993,0.000674,0.000674,0.003369
AATGTGCCCGAGGTGT-1,0.337178,0.652161,0.001523,0.001523,0.007615
AATGTGCTAATCTGAG-1,0.058078,0.826102,0.000106,0.000106,0.115608
AATGTTAAGACCCTGA-1,0.072112,0.338937,0.000033,0.011555,0.577364
AATTAAAGGTCGGCGT-1,0.031552,0.058845,0.007932,0.035411,0.86626
AATTAACGGATTTCCA-1,0.000037,0.026032,0.002387,0.214141,0.757404
AATTACGAGACCCATC-1,0.063958,0.920164,0.000195,0.000195,0.015487
AATTACTCGTACGCTC-1,0.128076,0.706577,0.000456,0.000456,0.164435
AATTAGCGCTGCAGCG-1,0.000021,0.000021,0.031381,0.176143,0.792433
AATTATACCCAGCAAG-1,0.16375,0.661885,0.000088,0.000088,0.174189
AATTCATAAGGGATCT-1,0.030733,0.092057,0.008057,0.105716,0.763438
AATTCATTGTCATGCA-1,0.296563,0.6812,0.003177,0.003177,0.015883
AATTCCAACTTGGTGA-1,0.001309,0.91587,0.001308,0.001308,0.080206
AATTCGATTCGAGGAT-1,0.021927,0.30904,0.001954,0.001869,0.665209
AATTCTAGAGTTAGGC-1,0.00002,0.00002,0.022851,0.486859,0.490249
AATTGAACGCTCTGGT-1,0.117674,0.405201,0.000066,0.000066,0.476993
AATTGCAGCAATCGAC-1,0.700034,0.139033,0.000245,0.000245,0.160444
AATTGCGTGGATTACA-1,0.149153,0.638233,0.000479,0.000479,0.211656
AATTGTGGTTGCCAAA-1,0.817337,0.000033,0.072074,0.110393,0.000163
AATTTGGGACATAGTA-1,0.240262,0.117061,0.002029,0.044712,0.595936
AATTTGGTTCCAAAGA-1,0.070623,0.009309,0.149399,0.08703,0.683639
ACAAACCATGCGTCCT-1,0.117228,0.663635,0.000393,0.000393,0.218351
ACAAACTCCATCAGAG-1,0.064496,0.698594,0.000065,0.000065,0.23678
ACAAAGAAGGTAGGCC-1,0.283897,0.711299,0.000686,0.000686,0.003432
ACAAAGCATGACCTAG-1,0.300914,0.697532,0.000222,0.000222,0.00111
ACAAATCGCACCGAAT-1,0.164643,0.415315,0.000043,0.000043,0.419956
ACAAATGGTAGTGTTT-1,0.109603,0.321372,0.012171,0.062956,0.493898
ACAAATTCAGATCTGA-1,0.087265,0.253093,0.024968,0.033902,0.600772
ACAACAGCATGAGCTA-1,0.000021,0.014431,0.002581,0.165931,0.817036
ACAACGGTCCCTGCGA-1,0.159022,0.838662,0.000331,0.000331,0.001655
ACAAGCAGTGCCTAGC-1,0.147235,0.85009,0.000382,0.000382,0.001911
ACAAGCTATATGGAAG-1,0.000023,0.000023,0.000023,0.9013,0.098631
ACAAGGAAATCCGCCC-1,0.046895,0.226061,0.004016,0.028878,0.69415
ACAAGGACAAGAGGTT-1,0.162273,0.465032,0.000207,0.000207,0.372281
ACAAGGATGCTTTAGG-1,0.230998,0.575462,0.000111,0.000111,0.193318
ACAAGGCCTACCAGCC-1,0.000052,0.185996,0.007234,0.062108,0.74461
ACAAGGGCAGGCTCTG-1,0.037431,0.185773,0.000038,0.018274,0.758484
ACAAGTAATTGTAAGG-1,0.089316,0.107773,0.000042,0.163284,0.639585
ACAATAGTCGTACGTT-1,0.159042,0.185356,0.000114,0.102477,0.553011
ACAATCCATTTAAACC-1,0.194906,0.800818,0.000611,0.000611,0.003055
ACAATCGATCTTTATA-1,0.13413,0.275009,0.000486,0.000486,0.58989
ACAATGAATACGGAGA-1,0.063932,0.577288,0.005907,0.025028,0.327845
ACAATGATTCTTCTAC-1,0.025046,0.083098,0.009866,0.054756,0.827235
ACAATTGTGTCTCTTT-1,0.437941,0.559165,0.000413,0.000413,0.002067
ACAATTTAGGAGGCTC-1,0.000192,0.206208,0.000192,0.000192,0.793217
ACAATTTGAGCAGTGG-1,0.001825,0.01877,0.092098,0.203098,0.68421
ACAATTTGGCCATATT-1,0.000031,0.587596,0.386229,0.010689,0.015456
ACACAAAGACGGGTGG-1,0.000054,0.373155,0.000054,0.000054,0.626683
ACACAAATATTCCTAG-1,0.268217,0.372266,0.225884,0.006192,0.127441
ACACACCAGGACCAGT-1,0.138918,0.426963,0.000121,0.000121,0.433877
ACACACTTTCTACACG-1,0.000026,0.00022,0.03133,0.174853,0.793572
ACACATGATCAAATCT-1,0.000573,0.83463,0.000573,0.000573,0.16365
ACACATTGACGCAACA-1,0.26373,0.729942,0.000904,0.000904,0.00452
ACACATTTCCGTAGAC-1,0.000021,0.020598,0.016782,0.13601,0.826588
ACACCACATAATTAGC-1,0.028282,0.619194,0.275826,0.005656,0.071042
ACACCCAGCATGCAGC-1,0.000127,0.349181,0.000127,0.000127,0.650439
ACACCCGAGAAATCCG-1,0.218426,0.740865,0.000296,0.000296,0.040116
ACACCGAGCGCTCTTT-1,0.001069,0.991447,0.001069,0.001069,0.005345
ACACCGGTCTGACCGC-1,0.139253,0.857776,0.000424,0.000424,0.002122
ACACCTTAAGTAGGGC-1,0.154582,0.463507,0.000335,0.000335,0.381241
ACACCTTACTACTTGC-1,0.037846,0.684034,0.249636,0.005148,0.023336
ACACGAGACTCCTTCT-1,0.004053,0.011665,0.012292,0.163286,0.808704
ACACGGCACTATGCAT-1,0.000025,0.072072,0.04515,0.09289,0.789862
ACACGGGAACTTAGGG-1,0.000039,0.017051,0.000039,0.15717,0.8257
ACACGTAGGCCACAAG-1,0.742511,0.146449,0.000133,0.000133,0.110773
ACACTCCAATGTCACT-1,0.248795,0.746832,0.000625,0.000625,0.003124
ACACTGATCAAGGTGT-1,0.012767,0.304379,0.000045,0.000045,0.682763
ACACTGGGACAGTCGT-1,0.844774,0.000034,0.000034,0.154991,0.000168
ACAGAACTGAGAACAA-1,0.1927,0.597713,0.00049,0.00049,0.208608
ACAGATTAGGTTAGTG-1,0.080568,0.283685,0.037852,0.000164,0.597733
ACAGCATAGAGCCAGT-1,0.009613,0.110133,0.002208,0.002993,0.875054
ACAGCGACATTCTCAT-1,0.536117,0.162917,0.000313,0.000313,0.30034
ACAGCGCACCCGCAGC-1,0.00003,0.103155,0.009213,0.239177,0.648425
ACAGGCACGGATCCTT-1,0.399499,0.59842,0.000297,0.000297,0.001487
ACAGGCTTGCCCGACT-1,0.325452,0.433293,0.0001,0.0001,0.241055
ACAGGTGGAGGTGAGG-1,0.017727,0.039959,0.19003,0.090688,0.661596
ACAGGTGTGTTGTTGC-1,0.071073,0.619648,0.000251,0.070736,0.238291
ACAGTAATACAACTTG-1,0.0715,0.925026,0.000496,0.000496,0.002482
ACAGTATACCGTGGGA-1,0.003604,0.567554,0.294777,0.003357,0.130708
ACATAAGTCGTGGTGA-1,0.002059,0.983529,0.002059,0.002059,0.010294
ACATAATAAGGCGGTG-1,0.000049,0.282788,0.000049,0.003802,0.713311
ACATACAATCAAGCGG-1,0.648022,0.274323,0.000072,0.000072,0.07751
ACATCAGCTGGGACGC-1,0.081449,0.915152,0.000486,0.000486,0.002428
ACATCCCGGCCATACG-1,0.000095,0.138638,0.111321,0.028322,0.721623
ACATCCTGGTAACTGT-1,0.256559,0.339627,0.000762,0.000762,0.402291
ACATCGATCGTTTACC-1,0.000031,0.000031,0.041853,0.334173,0.623911
ACATCGCAATATTCGG-1,0.129743,0.867619,0.000377,0.000377,0.001884
ACATCGGTCAGCCGCG-1,0.22504,0.543815,0.000205,0.000205,0.230736
ACATCGTATGCAATGG-1,0.051787,0.131457,0.036746,0.095822,0.684189
ACATCGTTAACCTAGT-1,0.000039,0.032244,0.065681,0.103953,0.798082
ACATCTCAACGCGTAA-1,0.022409,0.116609,0.028284,0.060071,0.772627
ACATGCTTACGGCAGC-1,0.649437,0.347978,0.000369,0.000369,0.001847
ACATGGCGCCAAAGTA-1,0.238733,0.459461,0.006041,0.000179,0.295586
ACATGGCTCAATTTAG-1,0.001171,0.766163,0.00117,0.00117,0.230326
ACATTAGTTTATATCC-1,0.135105,0.374745,0.000074,0.000074,0.490003
ACATTCGCGCGGAATA-1,0.500587,0.445258,0.000259,0.000259,0.053639
ACATTTGAAACCTAAC-1,0.611989,0.26429,0.016025,0.000082,0.107615
ACCAAACACCCAGCGA-1,0.000045,0.549666,0.030587,0.018372,0.40133
ACCAAACTAGAAATCC-1,0.091031,0.476474,0.000057,0.000057,0.432382
ACCAACACCACACACT-1,0.011787,0.360577,0.000052,0.092465,0.535118
ACCAACCGCACTCCAC-1,0.466012,0.532578,0.000201,0.000201,0.001007
ACCAAGAACGCGTGTC-1,0.162459,0.6027,0.000156,0.000156,0.234529
ACCAAGTCATCGGCAG-1,0.763204,0.235672,0.00016,0.00016,0.000802
ACCAATATGCAAGTTA-1,0.020022,0.109163,0.040292,0.145535,0.684988
ACCACAACTCAGAACA-1,0.036242,0.304772,0.000039,0.005359,0.653588
ACCACAAGTTTCTATC-1,0.035965,0.133901,0.060545,0.000762,0.768826
ACCACACGGTTGATGG-1,0.050824,0.009286,0.006972,0.119825,0.813094
ACCACCAATGTAACAA-1,0.186834,0.756373,0.000113,0.000113,0.056567
ACCACCCTCTCTTCTA-1,0.000048,0.60569,0.257144,0.013159,0.123959
ACCACGTGCAGCTATA-1,0.030345,0.095936,0.038501,0.146985,0.688234
ACCACTGTTCAAGAAG-1,0.235194,0.760358,0.000635,0.000635,0.003177
ACCAGACCATAACAAC-1,0.085212,0.394792,0.000094,0.16949,0.350412
ACCAGCCCGGTCTTTG-1,0.067416,0.120921,0.103213,0.00865,0.6998
ACCAGGAGTGTGATCT-1,0.398794,0.271007,0.000269,0.000269,0.329661
ACCAGTGCCCGGTCAA-1,0.015034,0.156339,0.000046,0.00228,0.8263
ACCAGTGCGGGAGACG-1,0.255859,0.201607,0.000207,0.000207,0.542119
ACCATATCCGCAATAA-1,0.04334,0.238251,0.000031,0.000031,0.718347
ACCATCCGCCAACTAG-1,0.205034,0.792115,0.000407,0.000407,0.002036
ACCATCGTATATGGTA-1,0.028039,0.518492,0.000089,0.000089,0.453291
ACCATTAAGGGTGTCA-1,0.000789,0.547549,0.000789,0.226395,0.224479
ACCCAACGCCCGTGGC-1,0.012305,0.230577,0.004158,0.014451,0.738509
ACCCACCTACATGCTC-1,0.114693,0.314534,0.000188,0.340864,0.229722
ACCCATCTTGAGGGTA-1,0.000242,0.699397,0.000242,0.000242,0.299877
ACCCATTTGTCCCTCT-1,0.648262,0.088411,0.000646,0.201896,0.060785
ACCCGAGCGAAATTAC-1,0.0823,0.781007,0.000264,0.000264,0.136165
ACCCGATTGGTTCCGA-1,0.11466,0.603644,0.002264,0.000073,0.27936
ACCCGGAAACTCCCAG-1,0.004729,0.122074,0.080862,0.035874,0.756462
ACCCGGAGCACCACAA-1,0.039367,0.394067,0.563262,0.000016,0.003287
ACCCGGATGACGCATC-1,0.114476,0.749826,0.000611,0.000611,0.134475
ACCCGGTTACACTTCC-1,0.049308,0.368327,0.000102,0.000102,0.582162
ACCCGTAGCAGAGAAT-1,0.000912,0.992709,0.000911,0.000911,0.004557
ACCCGTAGTCTAGTTG-1,0.806255,0.000049,0.037855,0.155597,0.000244
ACCCGTGTCATCAGTA-1,0.036109,0.16875,0.001256,0.004837,0.789048
ACCCTATAGGACTGAG-1,0.141392,0.854331,0.000611,0.000611,0.003055
ACCCTATGCCATATCG-1,0.026829,0.068605,0.129733,0.027207,0.747626
ACCCTCCCGTCAGGGC-1,0.591299,0.406072,0.000376,0.000376,0.001878
ACCCTCCCTTGCTATT-1,0.069847,0.410689,0.000075,0.000075,0.519314
ACCCTGGTAACGCCCT-1,0.000043,0.510839,0.226679,0.087536,0.174903
ACCCTTCATCTGCGAA-1,0.004242,0.186127,0.00745,0.085709,0.716473
ACCCTTGCCTGGGTCG-1,0.007471,0.517423,0.374252,0.014213,0.086641
ACCCTTTAGTTCTCCA-1,0.000348,0.130495,0.045847,0.153362,0.669948
ACCGAAAGGGCCCTGC-1,0.040946,0.6495,0.000062,0.000062,0.309428
ACCGAAGAGTCTGGTT-1,0.184363,0.802666,0.001853,0.001853,0.009265
ACCGACACATCTCCCA-1,0.020177,0.146806,0.005411,0.038422,0.789184
ACCGACTGAGTCCCAC-1,0.000064,0.061913,0.000064,0.065129,0.872831
ACCGAGTCTCCTTATT-1,0.000071,0.5329,0.000071,0.000071,0.466887
ACCGATAGGCATAACC-1,0.826601,0.000029,0.055256,0.117968,0.000146
ACCGATATTTAATCAT-1,0.224243,0.634754,0.131788,0.000053,0.009162
ACCGATGGTAGCATCG-1,0.238553,0.335439,0.033574,0.000075,0.392359
ACCGCAATAACTGCCT-1,0.059754,0.08283,0.055748,0.012582,0.789086
ACCGCGGTGGAAGTCG-1,0.385109,0.56308,0.049142,0.000445,0.002224
ACCGCTAGTCATTGGT-1,0.160263,0.7863,0.000217,0.000217,0.053004
ACCGGGCCTTTGTTGA-1,0.411019,0.584292,0.00067,0.00067,0.003349
ACCGGTCAGGTACACC-1,0.126374,0.626947,0.000494,0.000494,0.245691
ACCGGTCTGAGTACGG-1,0.058829,0.003849,0.156353,0.035995,0.744974
ACCGTCCACTGGGCCC-1,0.046549,0.951999,0.000207,0.000207,0.001037
ACCGTGACCACGTGGG-1,0.000042,0.519387,0.000042,0.000042,0.480487
ACCGTTCCCGCTCTGA-1,0.030027,0.395094,0.005094,0.08522,0.484565
ACCTAAGTACCTTTCA-1,0.129936,0.202579,0.109426,0.180138,0.377921
ACCTAATCGACTTCCT-1,0.388156,0.54595,0.000386,0.000386,0.065122
ACCTACAGTATGTGGT-1,0.037714,0.576693,0.316126,0.00005,0.069418
ACCTCAGCGAGGCGCA-1,0.639835,0.287409,0.000085,0.000085,0.072585
ACCTCCGCCCTCGCTG-1,0.159831,0.327187,0.078357,0.189922,0.244703
ACCTCCGTTATTCACC-1,0.000753,0.790747,0.172774,0.000052,0.035673
ACCTCGAACTTATGCT-1,0.000674,0.704719,0.000674,0.000674,0.293259
ACCTGCGTGTCATGTT-1,0.001135,0.990924,0.001134,0.001134,0.005673
ACGAAATGGGCGGCAC-1,0.189421,0.806326,0.000608,0.000608,0.003038
ACGACCCATGAGTTGC-1,0.170069,0.653912,0.155917,0.000043,0.020058
ACGACTCTAGGGCCGA-1,0.434118,0.564632,0.000178,0.000178,0.000892
ACGACTGGTCATACTC-1,0.000034,0.379538,0.000371,0.037095,0.582961
ACGAGAACCCATCACG-1,0.196012,0.519257,0.000116,0.000116,0.2845
ACGAGATATTTGCTTA-1,0.000067,0.029252,0.000067,0.295991,0.674623
ACGAGGATACCACTCT-1,0.069063,0.925816,0.000731,0.000732,0.003658
ACGAGGTTTACAACGT-1,0.001986,0.984116,0.001985,0.001985,0.009927
ACGAGTACGGATGCCC-1,0.014974,0.481343,0.042108,0.000067,0.461507
ACGAGTCGCCGGCGTT-1,0.000131,0.398495,0.000131,0.168244,0.433
ACGATACATAGAACTA-1,0.012146,0.140414,0.012827,0.099467,0.735145
ACGATACCTATCCTGA-1,0.000051,0.000051,0.02152,0.474838,0.50354
ACGATCATACATAGAG-1,0.000036,0.021877,0.004611,0.379155,0.594321
ACGATCATCTTGTAAA-1,0.16864,0.821982,0.00134,0.00134,0.006698
ACGATGCATATGTTAT-1,0.003142,0.20121,0.000092,0.066901,0.728655
ACGATGGATCCGATGC-1,0.054416,0.269885,0.087654,0.002902,0.585142
ACGCAAACTAATAGAT-1,0.003541,0.185156,0.064365,0.02823,0.718709
ACGCAATCACTACAGC-1,0.233118,0.669352,0.000438,0.000438,0.096654
ACGCATAAATGACATG-1,0.000028,0.079381,0.01251,0.224932,0.683149
ACGCATACGTTTACTA-1,0.814108,0.178817,0.001011,0.001011,0.005054
ACGCATTCGTGAGTAC-1,0.013735,0.065937,0.000057,0.027685,0.892586
ACGCCACTCGAAACAG-1,0.037071,0.290625,0.004105,0.008024,0.660175
ACGCCAGATGATTTCT-1,0.000039,0.135871,0.002365,0.121699,0.740026
ACGCCAGTGCGTTTGC-1,0.506737,0.491668,0.000228,0.000228,0.001139
ACGCCCAGCTGTCGAT-1,0.061977,0.498831,0.007082,0.014568,0.417542
ACGCCGCTAGACGACC-1,0.000035,0.049436,0.048211,0.155965,0.746353
ACGCGAAGTCAGACGA-1,0.005261,0.018942,0.013549,0.189184,0.773064
ACGCGCTACACAGGGT-1,0.152191,0.843034,0.000682,0.000682,0.003411
ACGCGGGCCAAGGACA-1,0.000011,0.000011,0.000011,0.565531,0.434437
ACGCGTTTCTTAAGAG-1,0.081517,0.878723,0.000392,0.000392,0.038976
ACGCTACTGAATGGGC-1,0.998979,0.000128,0.000128,0.000128,0.000638
ACGCTAGTGATACACT-1,0.022936,0.307597,0.049765,0.036183,0.583519
ACGCTGTGAGGCGTAG-1,0.000686,0.994509,0.000686,0.000686,0.003432
ACGCTTAGTGTCTCTC-1,0.069136,0.386215,0.000059,0.000059,0.54453
ACGGAACACGAGTGCC-1,0.823204,0.175975,0.000117,0.000117,0.000587
ACGGAATTTAGCAAAT-1,0.12687,0.663266,0.000473,0.000473,0.208918
ACGGACGCAGCGACAA-1,0.384526,0.611871,0.000515,0.000515,0.002574
ACGGACTCTCAAAGCG-1,0.017187,0.114531,0.01979,0.114474,0.734017
ACGGAGCGCAAATTAC-1,0.001636,0.129997,0.01238,0.091048,0.764939
ACGGATGGTGCGGATA-1,0.130011,0.124318,0.008241,0.022864,0.714566
ACGGCACTTGCTTGGG-1,0.008225,0.286481,0.00006,0.00006,0.705174
ACGGCCAACATGGACT-1,0.004015,0.136843,0.085158,0.055665,0.718319
ACGGCGACGATGGGAA-1,0.068749,0.203064,0.000027,0.03455,0.693609
ACGGCGGGTTGCCCTG-1,0.224784,0.771772,0.000492,0.000492,0.00246
ACGGCTGGATGTAGAA-1,0.319482,0.672495,0.001146,0.001146,0.005731
ACGGGAGTGTCGGCCC-1,0.105572,0.489028,0.00029,0.00029,0.404819
ACGGGCGTATGCGACA-1,0.000085,0.680761,0.089271,0.000085,0.229799
ACGGGTCATGTGACTT-1,0.185255,0.813004,0.000249,0.000249,0.001244
ACGGGTTGTGACCTGT-1,0.205578,0.792012,0.000344,0.000344,0.001721
ACGGTACAGTTCAATG-1,0.457107,0.54112,0.000253,0.000253,0.001266
ACGGTCACCGAGAACA-1,0.001112,0.991105,0.001112,0.001112,0.005559
ACGTACAGATTTCTCT-1,0.010382,0.217959,0.000065,0.029071,0.742523
ACGTACTTTGGCACGG-1,0.206077,0.646179,0.000235,0.000235,0.147273
ACGTAGATTGCTGATG-1,0.000054,0.138871,0.000054,0.011627,0.849394
ACGTAGGAGAGTCGCT-1,0.008459,0.348652,0.000046,0.005505,0.637338
ACGTATTACTCCGATC-1,0.492018,0.430481,0.00052,0.00052,0.076461
ACGTCGGGCAACTCGG-1,0.127051,0.871829,0.00016,0.00016,0.0008
ACGTCTCGTTCCGGGA-1,0.102239,0.100764,0.00015,0.331238,0.465608
ACGTGACAAAGTAAGT-1,0.00103,0.991764,0.001029,0.001029,0.005147
ACGTGCGCCTCGTGCA-1,0.000033,0.000033,0.006461,0.262015,0.731458
ACGTTAATGTCGAAGA-1,0.000025,0.057243,0.001065,0.056722,0.884945
ACGTTAGATTTGCCCG-1,0.380628,0.342006,0.000226,0.000226,0.276914
ACGTTATTGGTCACTC-1,0.11289,0.706631,0.000248,0.000248,0.179984
ACGTTCACTATGCCGC-1,0.2314,0.271605,0.194488,0.000054,0.302454
ACGTTCCGCGCTCCGT-1,0.126927,0.420221,0.000198,0.000128,0.452526
ACGTTCGCAATCAATT-1,0.000036,0.771492,0.118471,0.000174,0.109826
ACGTTCGTTCAGGAAA-1,0.000106,0.332965,0.000106,0.000106,0.666717
ACGTTCTGTACAAGTC-1,0.148899,0.527128,0.000224,0.000224,0.323525
ACGTTGTCGTTGAAAG-1,0.154139,0.71603,0.000247,0.000247,0.129336
ACGTTTAGTTGTGATC-1,0.023412,0.047735,0.066208,0.062089,0.800556
ACGTTTCGGTGCACTT-1,0.84831,0.000105,0.000105,0.150955,0.000525
ACTAAGGACGCACACC-1,0.011201,0.834328,0.111448,0.000034,0.04299
ACTAATACGTCAGGCG-1,0.02386,0.111699,0.016671,0.050422,0.797347
ACTACATCCCGACAAG-1,0.149877,0.393023,0.000335,0.000335,0.45643
ACTACCAGCTCTCTGG-1,0.082416,0.425842,0.000496,0.000496,0.490748
ACTACCATCCGAGGGC-1,0.368649,0.629476,0.000268,0.000268,0.00134
ACTAGTTGCGATCGTC-1,0.803965,0.191402,0.000662,0.000662,0.003309
ACTATATGCTGTGTTC-1,0.075141,0.022868,0.095404,0.054414,0.752173
ACTATCCAGGGCATGG-1,0.107405,0.744153,0.099498,0.000087,0.048857
ACTATCGCCGGCTAAA-1,0.000343,0.820325,0.000343,0.000343,0.178646
ACTATCTGCCCGCGTA-1,0.583793,0.265019,0.150678,0.000085,0.000425
ACTATGTCCAGCTGCC-1,0.138977,0.856334,0.00067,0.00067,0.003349
ACTATTCGTCCGTGGT-1,0.000071,0.085666,0.000071,0.041651,0.872542
ACTATTTCCGGGCCCA-1,0.011838,0.320471,0.072225,0.000091,0.595376
ACTCAACGAATGTATT-1,0.164044,0.833052,0.000415,0.000415,0.002074
ACTCAAGTGCAAGGCT-1,0.229007,0.453497,0.01591,0.00007,0.301517
ACTCAATAAAGGCACG-1,0.000018,0.006198,0.010888,0.27319,0.709705
ACTCAGACCTGCTTCT-1,0.22398,0.773809,0.000316,0.000316,0.001579
ACTCATGGCAGCCTTC-1,0.360239,0.617094,0.000383,0.000383,0.021901
ACTCCAATATCATCAT-1,0.239843,0.432002,0.000132,0.064426,0.263598
ACTCCCATTCCTAAAG-1,0.00089,0.992884,0.000889,0.00089,0.004447
ACTCCCGAATTCGTTT-1,0.024392,0.116937,0.115723,0.184063,0.558885
ACTCCCGTAGACTAGG-1,0.000026,0.386116,0.407348,0.073163,0.133347
ACTCCCTAATGCTAAA-1,0.01131,0.044922,0.02446,0.171937,0.747372
ACTCCCTAGAATAGTA-1,0.011866,0.060546,0.115073,0.131649,0.680865
ACTCCGGCCGACCACT-1,0.256316,0.555257,0.000143,0.000143,0.188141
ACTCGATGTATTTCAT-1,0.380337,0.616823,0.000406,0.000406,0.002029
ACTCGCCGTTCGATAA-1,0.854636,0.00005,0.018116,0.126949,0.000249
ACTCGCGATCTGACGC-1,0.000024,0.597533,0.371217,0.004124,0.027102
ACTCGTAACCCGTCCT-1,0.244246,0.23908,0.000632,0.074972,0.44107
ACTCGTCAGTAATCCC-1,0.06781,0.169562,0.026061,0.031211,0.705356
ACTCTAAACCTGGGAT-1,0.063075,0.5464,0.000282,0.000282,0.389961
ACTCTCTGACTTAGGT-1,0.036298,0.191339,0.00006,0.032725,0.739578
ACTCTCTTATACACGA-1,0.000029,0.053605,0.013897,0.188457,0.744012
ACTCTGACCTAATAGA-1,0.37234,0.571053,0.000214,0.000214,0.056178
ACTCTTCAGCTCCCGC-1,0.000023,0.49212,0.417828,0.004465,0.085564
ACTCTTGTATAGTAAC-1,0.021227,0.152264,0.002487,0.060107,0.763915
ACTGAAACGCCGTTAG-1,0.464666,0.486636,0.000173,0.000173,0.048352
ACTGAATGGCGAAAGT-1,0.002941,0.025843,0.0486,0.243744,0.678872
ACTGATTTAGTGATTC-1,0.000466,0.321058,0.000055,0.001964,0.676457
ACTGCCCGCCATTCTC-1,0.324085,0.317073,0.015125,0.000193,0.343524
ACTGCCGTCGTAACTC-1,0.021232,0.188974,0.000045,0.012271,0.777479
ACTGCGGACACACCGT-1,0.036097,0.369655,0.536768,0.000037,0.057443
ACTGCTCGGAAGGATG-1,0.279097,0.711747,0.001308,0.001308,0.00654
ACTGGCGAACCTGCGT-1,0.000016,0.420655,0.368873,0.023393,0.187063
ACTGGGATGCCAGTGC-1,0.000547,0.002561,0.349796,0.048671,0.598425
ACTGTACGATACACAT-1,0.005174,0.00002,0.021401,0.398624,0.574781
ACTGTAGCACTTTGGA-1,0.087185,0.720996,0.000245,0.000245,0.191329
ACTGTATACGCGAGCA-1,0.184617,0.553394,0.000221,0.000221,0.261548
ACTGTCCAGGATTATA-1,0.058413,0.024024,0.033971,0.092395,0.791197
ACTGTCTTCTTTAGAA-1,0.000048,0.002796,0.000048,0.219276,0.777831
ACTGTGCTAGTAGATC-1,0.339689,0.65716,0.00045,0.00045,0.002251
ACTGTTTAGTGTAGGC-1,0.033298,0.963031,0.000524,0.000525,0.002623
ACTTACCGGGCGCGCA-1,0.026886,0.10582,0.000036,0.031468,0.835789
ACTTACGCATCCACGC-1,0.117136,0.082454,0.060125,0.057128,0.683157
ACTTAGTACGACAAGA-1,0.219809,0.718219,0.000213,0.000213,0.061546
ACTTATACTTACCCGG-1,0.135592,0.280804,0.000083,0.000119,0.583402
ACTTATTTATGTGCCA-1,0.135069,0.299076,0.000136,0.000136,0.565583
ACTTCAGGCTGATCCC-1,0.064096,0.230106,0.00694,0.098103,0.600756
ACTTCCAGTGGAAGCT-1,0.229511,0.766116,0.000625,0.000625,0.003123
ACTTCCATGCGGGACA-1,0.159574,0.189509,0.000053,0.02083,0.630034
ACTTCGCCATACGCAC-1,0.001184,0.000692,0.005836,0.162392,0.829896
ACTTCGCTAGCGAGTG-1,0.001572,0.450689,0.411967,0.01983,0.115941
ACTTGACTCCCTCTTT-1,0.018849,0.048795,0.013421,0.07429,0.844645
ACTTGCCATATTGTAC-1,0.319753,0.344232,0.000265,0.000265,0.335484
ACTTGCTCTATCTACC-1,0.127351,0.870276,0.000339,0.000339,0.001695
ACTTGGGCTTTCGCCA-1,0.023389,0.062461,0.036793,0.038736,0.838621
ACTTGTAGTCCCTTCA-1,0.000051,0.000425,0.000051,0.645166,0.354308
ACTTGTGGATGGAACG-1,0.44447,0.391381,0.000194,0.000194,0.16376
ACTTGTTACCGGATCA-1,0.000017,0.004483,0.01799,0.172531,0.804979
ACTTTACCCTCATGAA-1,0.187883,0.772309,0.000247,0.000247,0.039314
ACTTTATACACCACTT-1,0.000942,0.849453,0.000942,0.000942,0.14772
ACTTTCCTATAGCTTC-1,0.000027,0.000027,0.008588,0.431658,0.559699
ACTTTGACTGCATCCT-1,0.0008,0.9936,0.0008,0.0008,0.004
ACTTTGGTCGTGCTCC-1,0.001545,0.987647,0.001544,0.001544,0.00772
ACTTTGTCGACGCACT-1,0.198943,0.320315,0.437316,0.000043,0.043383
AGAAATTATGACTCGC-1,0.26893,0.276565,0.353329,0.011104,0.090072
AGAACACGGCGATGGT-1,0.000904,0.992769,0.000904,0.000904,0.00452
AGAACCCAGCGTGACA-1,0.007452,0.643991,0.332263,0.004211,0.012083
AGAACCCTCAATTGGG-1,0.383115,0.607729,0.001308,0.001308,0.00654
AGAACGTGGTACATTC-1,0.009642,0.06119,0.00127,0.230008,0.69789
AGAACTGTACTTTGTA-1,0.517583,0.481562,0.000122,0.000122,0.000611
AGAAGAGCGCCGTTCC-1,0.096498,0.218348,0.000756,0.000756,0.683641
AGAAGGTACACTTCAC-1,0.111019,0.881039,0.001134,0.001135,0.005673
AGAAGGTTGCCGAATT-1,0.103664,0.235326,0.025967,0.00015,0.634893
AGAAGGTTGTAGGTCG-1,0.014543,0.192642,0.025413,0.105167,0.662235
AGAAGTGATTCGTGAT-1,0.301885,0.691787,0.000904,0.000904,0.00452
AGAATAAATCTTCAGG-1,0.116422,0.776509,0.000322,0.000322,0.106424
AGAATACAGGCTATCC-1,0.667324,0.292312,0.000084,0.000084,0.040196
AGAATGCGGGTTCGGA-1,0.000031,0.121528,0.006323,0.013324,0.858794
AGAATTATGGATTCGA-1,0.123679,0.31692,0.014635,0.019015,0.525751
AGAATTGTTTGACATA-1,0.155711,0.838523,0.000824,0.000824,0.004118
AGACAGCTCAGAATCC-1,0.123142,0.874831,0.00029,0.00029,0.001448
AGACAGGCATCTCAGC-1,0.025706,0.470076,0.497412,0.003009,0.003796
AGACATAGATCCTTCC-1,0.216018,0.557108,0.000175,0.000175,0.226523
AGACCAAACCACACCT-1,0.187551,0.808829,0.000517,0.000517,0.002586
AGACCATGGGATACAA-1,0.000265,0.997882,0.000265,0.000265,0.001324
AGACCCACCGCTGATC-1,0.00765,0.05882,0.040303,0.060398,0.832829
AGACCCGCCCTCCTCG-1,0.000083,0.122597,0.000083,0.000083,0.877154
AGACCGCTCCGCGGTT-1,0.210912,0.594809,0.193567,0.000119,0.000593
AGACCGGGAAACCCTG-1,0.248681,0.515637,0.000335,0.000335,0.235012
AGACGAAGTGCCGGTC-1,0.232734,0.548565,0.000621,0.000621,0.217459
AGACGACGATGCCGCT-1,0.025611,0.811244,0.000104,0.000104,0.162937
AGACGCCCACTTCGCC-1,0.454707,0.193752,0.28906,0.008661,0.05382
AGACGGGCCGATTTAA-1,0.029928,0.249636,0.022471,0.015655,0.68231
AGACTAGCCTTCCAGA-1,0.082214,0.39639,0.000128,0.000128,0.521141
AGAGAAACACCAGAAA-1,0.063249,0.729888,0.000048,0.000048,0.206766
AGAGAACCGTCTAGGA-1,0.076099,0.1043,0.019492,0.166642,0.633466
AGAGAAGGAGTACAAT-1,0.123156,0.519418,0.000061,0.000061,0.357305
AGAGATCTCTAAAGCG-1,0.075998,0.163233,0.000213,0.113655,0.6469
AGAGCAGTTATGAGAC-1,0.097735,0.896784,0.000783,0.000783,0.003915
AGAGCCGCCGAGATTT-1,0.870838,0.016879,0.064983,0.046863,0.000437
AGAGCGCTTGTAACGG-1,0.000021,0.525028,0.321285,0.029218,0.124449
AGAGCGGGCTAATCAT-1,0.000036,0.128819,0.027423,0.032047,0.811674
AGAGCGTACAAGCTCG-1,0.130466,0.866794,0.000391,0.000391,0.001958
AGAGCTACGAAAGCAT-1,0.000559,0.99553,0.000559,0.000559,0.002794
AGAGGCTTCGGAAACC-1,0.351363,0.639371,0.001324,0.001324,0.006618
AGAGGGACAATTGTCC-1,0.077525,0.080625,0.010849,0.033444,0.797557
AGAGGTATCTCGGTCC-1,0.105872,0.892127,0.000286,0.000286,0.001429
AGAGTAAACTTCACTA-1,0.441328,0.555415,0.000465,0.000465,0.002326
AGAGTATAGTGTTACG-1,0.00004,0.437035,0.429322,0.031294,0.102309
AGAGTCTTAATGAAAG-1,0.858037,0.000037,0.005008,0.136731,0.000186
AGAGTTAGAGACCGAT-1,0.00003,0.051588,0.033368,0.238993,0.676021
AGAGTTGCAGGCCTCC-1,0.001851,0.760676,0.155503,0.000041,0.081929
AGATAACTTCAGGGCC-1,0.008794,0.221861,0.012486,0.005492,0.751367
AGATAATCACACCTAT-1,0.128716,0.867778,0.000501,0.000501,0.002504
