Barcode,Topic 1,Topic 2,Topic 3to10
AAACAACGAATAGTTC-1,0.001493,0.001493,0.997014
AAACAAGTATCTCCCA-1,0.00003,0.025615,0.974355
AAACAATCTACTAGCA-1,0.002564,0.002565,0.994871
AAACACCAATAACTGC-1,0.000057,0.125485,0.874458
AAACAGAGCGACTCCT-1,0.001724,0.001725,0.996551
AAACAGCTTTCAGAAG-1,0.000041,0.000041,0.999918
AAACAGGGTCTATATT-1,0.00003,0.00003,0.99994
AAACAGTGTTCCTGGG-1,0.000019,0.000019,0.999963
AAACATGGTGAGAGGA-1,0.000028,0.007417,0.992555
AAACATTTCCCGGATT-1,0.000236,0.087498,0.912266
AAACCACTACACAGAT-1,0.00122,0.00122,0.997561
AAACCCGAACGAAATC-1,0.000014,0.000014,0.999972
AAACCGGAAATGTTAA-1,0.000169,0.024664,0.975167
AAACCGGGTAGGTACC-1,0.000024,0.000024,0.999951
AAACCGTTCGTCCAGG-1,0.000023,0.002201,0.997775
AAACCTAAGCAGCCGG-1,0.000027,0.920891,0.079081
AAACCTCATGAAGTTG-1,0.000024,0.004983,0.994994
AAACGAAGAACATACC-1,0.000807,0.000807,0.998387
AAACGAAGATGGAGTA-1,0.000032,0.006116,0.993852
AAACGACAGTCTTGCC-1,0.000389,0.000389,0.999222
AAACGAGACGGTTGAT-1,0.000027,0.000027,0.999946
AAACGCCCGAGATCGG-1,0.000671,0.000671,0.998657
AAACGCTGGGCACGAC-1,0.000016,0.925794,0.074191
AAACGGGCGTACGGGT-1,0.000155,0.235457,0.764388
AAACGGGTTGGTATCC-1,0.001124,0.001124,0.997753
AAACGGTTGCGAACTG-1,0.00007,0.030822,0.969109
AAACGTGTTCGCCCTA-1,0.000781,0.000781,0.998437
AAACTAACGTGGCGAC-1,0.000234,0.000234,0.999533
AAACTCGGTTCGCAAT-1,0.000128,0.413149,0.586723
AAACTCGTGATATAAG-1,0.000472,0.000472,0.999056
AAACTGCTGGCTCCAA-1,0.000015,0.000015,0.999969
AAACTTAATTGCACGC-1,0.000024,0.000024,0.999952
AAACTTGCAAACGTAT-1,0.000028,0.000121,0.999851
AAAGAATGACCTTAGA-1,0.000043,0.022554,0.977402
AAAGAATGTGGACTAA-1,0.000024,0.942021,0.057955
AAAGACATGAAGTTTA-1,0.000228,0.039462,0.960309
AAAGACCCAAGTCGCG-1,0.000309,0.000309,0.999383
AAAGACTGGGCGCTTT-1,0.000394,0.000394,0.999212
AAAGCTTGCCTACATA-1,0.000058,0.010197,0.989746
AAAGGCCCTATAATAC-1,0.000026,0.000026,0.999948
AAAGGCTACGGACCAT-1,0.00007,0.116552,0.883378
AAAGGCTCTCGCGCCG-1,0.000013,0.04329,0.956696
AAAGGGATGTAGCAAG-1,0.000292,0.071985,0.927723
AAAGGGCAGCTTGAAT-1,0.000503,0.066119,0.933378
AAAGGTAAGCTGTACC-1,0.000253,0.000253,0.999495
AAAGGTCAACGACATG-1,0.002703,0.002703,0.994594
AAAGTAGCATTGCTCA-1,0.000031,0.003751,0.996219
AAAGTCACTGATGTAA-1,0.000901,0.000901,0.998198
AAAGTCGACCCTCAGT-1,0.000063,0.000063,0.999874
AAAGTGCCATCAATTA-1,0.000571,0.084312,0.915117
AAAGTGTGATTTATCT-1,0.000027,0.003458,0.996515
AAAGTTGACTCCCGTA-1,0.000028,0.020141,0.979831
AAATAACCATACGGGA-1,0.000332,0.000332,0.999335
AAATAAGGTAGTGCCC-1,0.000019,0.009717,0.990264
AAATACCTATAAGCAT-1,0.000026,0.009359,0.990615
AAATAGCTTAGACTTT-1,0.000022,0.000022,0.999956
AAATAGGGTGCTATTG-1,0.000018,0.01007,0.989911
AAATCACTCCTAAACG-1,0.00164,0.175064,0.823297
AAATCCGATACACGCC-1,0.000098,0.101244,0.898658
AAATCGCGGAAGGAGT-1,0.000041,0.006273,0.993686
AAATCGTGTACCACAA-1,0.000019,0.01572,0.984261
AAATCTAGCCCTGCTA-1,0.000051,0.053284,0.946664
AAATCTGCCCGCGTCC-1,0.000056,0.011601,0.988343
AAATGACTGATCAAAC-1,0.000014,0.009789,0.990197
AAATGATTCGATCAGC-1,0.000402,0.078405,0.921193
AAATGCTCGTTACGTT-1,0.000568,0.000568,0.998863
AAATGGCATGTCTTGT-1,0.000426,0.000426,0.999149
AAATGGCCCGTGCCCT-1,0.000021,0.001761,0.998217
AAATGGTCAATGTGCC-1,0.000115,0.000115,0.999771
AAATGTATCTTATCCC-1,0.000102,0.036601,0.963297
AAATGTGGGTGCTCCT-1,0.000204,0.000204,0.999592
AAATTAACGGGTAGCT-1,0.00008,0.00008,0.99984
AAATTAATAAGCGCGA-1,0.000168,0.000168,0.999664
AAATTACACGACTCTG-1,0.000556,0.000556,0.998889
AAATTACCTATCGATG-1,0.000235,0.084393,0.915372
AAATTCCAGGTCCAAA-1,0.000011,0.000873,0.999116
AAATTGATAGTCCTTT-1,0.000038,0.03032,0.969641
AAATTGCGGCGGTTCT-1,0.000556,0.000556,0.998889
AAATTGGTGAGAAGCA-1,0.001449,0.00145,0.997101
AAATTTACCGAAATCC-1,0.000465,0.000465,0.99907
AAATTTGCGGGTGTGG-1,0.000028,0.000028,0.999943
AACAACTGGTAGTTGC-1,0.000433,0.000433,0.999134
AACAATACATTGTCGA-1,0.000037,0.53796,0.462003
AACAATTACTCTACGC-1,0.000602,0.000603,0.998795
AACACACGCTCGCCGC-1,0.000025,0.006441,0.993534
AACACGACTGTACTGA-1,0.000472,0.000472,0.999056
AACACGAGACGCGGCC-1,0.000017,0.000017,0.999966
AACACGCGGCCGCGAA-1,0.000538,0.000538,0.998925
AACAGCTGTGTGGCAA-1,0.000023,0.630314,0.369664
AACAGGAAATCGAATA-1,0.000281,0.000281,0.999438
AACAGGATGGGCCGCG-1,0.000368,0.000368,0.999265
AACAGGTAGTATGGAT-1,0.000014,0.001928,0.998058
AACATAGCGTGTATCG-1,0.000022,0.181466,0.818512
AACATATCAACTGGTG-1,0.00025,0.027737,0.972013
AACATCGATACGTCTA-1,0.000758,0.000758,0.998485
AACATTGAAGTTGATC-1,0.000047,0.006972,0.992981
AACATTGGTCAGCCGT-1,0.002273,0.002273,0.995454
AACATTGTGACTCGAG-1,0.00008,0.033732,0.966188
AACCAAGACTTCTCTG-1,0.00005,0.00005,0.999899
AACCAGTATCACTCTT-1,0.001,0.10982,0.88918
AACCATAGGGTTGAAC-1,0.000039,0.00531,0.994652
AACCATGGGATCGCTA-1,0.000397,0.000397,0.999206
AACCCAGAGACGGAGA-1,0.000222,0.000222,0.999556
AACCCATCCCATGATC-1,0.000063,0.254874,0.745063
AACCCGACAACCCGTG-1,0.000032,0.000032,0.999936
AACCCGAGCAGAATCG-1,0.000307,0.09335,0.906343
AACCCGATAGGGCTTC-1,0.00115,0.00115,0.997701
AACCCGCTGTATTCCA-1,0.000018,0.008406,0.991575
AACCCTACTGTCAATA-1,0.000031,0.007127,0.992841
AACCCTGGTGGAACCA-1,0.000926,0.000926,0.998148
AACCGAGCTTGGTCAT-1,0.739762,0.000345,0.259893
AACCGCTAAGGGATGC-1,0.000029,0.039994,0.959977
AACCGTTGTGTTTGCT-1,0.000429,0.000429,0.999141
AACCTAAAGCCGTCCG-1,0.000135,0.000135,0.99973
AACCTCGCTTTAGCCC-1,0.000279,0.08769,0.912031
AACCTGTCACGGAATT-1,0.000017,0.000017,0.999966
AACCTTTAAATACGGT-1,0.000025,0.000025,0.999949
AACCTTTACGACGTCT-1,0.000535,0.000535,0.99893
AACGAAAGTCGTCCCA-1,0.000046,0.000046,0.999908
AACGACCTCCTAGCCG-1,0.000037,0.808353,0.191609
AACGATAATGCCGTAG-1,0.000043,0.032666,0.967292
AACGATAGAAGGGCCG-1,0.000217,0.000217,0.999566
AACGATATGTCAACTG-1,0.000104,0.019977,0.979919
AACGCATGATCTGGGT-1,0.001064,0.027643,0.971293
AACGCGAACGGCAACA-1,0.000658,0.000658,0.998684
AACGCGACCTTGGGCG-1,0.000042,0.000042,0.999915
AACGCGGTCTCCAGCC-1,0.000621,0.000621,0.998758
AACGCTGTTGCTGAAA-1,0.000054,0.002769,0.997177
AACGGACGTACGTATA-1,0.000018,0.000018,0.999963
AACGGCCATCTCCGGT-1,0.000014,0.000014,0.999973
AACGTACTGTGGGTAC-1,0.000018,0.000948,0.999034
AACGTAGTCTACCCAT-1,0.003704,0.003705,0.992591
AACGTCAGACTAGTGG-1,0.000877,0.000877,0.998245
AACGTCATCCGGCTTG-1,0.000116,0.009388,0.990496
AACGTCGCTGCACTTC-1,0.000023,0.994432,0.005544
AACGTGATGAAGGACA-1,0.001053,0.001053,0.997894
AACGTGCGAAAGTCTC-1,0.000013,0.008913,0.991073
AACGTTATCAGCACCT-1,0.000508,0.000508,0.998985
AACGTTCTACCATTGT-1,0.000014,0.326706,0.67328
AACTACCCGTTTGTCA-1,0.000041,0.000041,0.999919
AACTAGCGTATCGCAC-1,0.000394,0.022714,0.976892
AACTAGGCTTGGGTGT-1,0.000057,0.018157,0.981785
AACTCAAGTTAATTGC-1,0.000037,0.000037,0.999927
AACTCCAGAGCGTGTT-1,0.000214,0.052373,0.947413
AACTCCTAATCCCATG-1,0.000658,0.000658,0.998684
AACTCGATAAACACGT-1,0.00115,0.00115,0.997701
AACTCGATGGCGCAGT-1,0.00087,0.039683,0.959447
AACTCTCAATAGAGCG-1,0.000044,0.011235,0.988721
AACTCTCAGTGTGCTC-1,0.000024,0.010246,0.98973
AACTGAGGTCAGCGTC-1,0.000263,0.000263,0.999474
AACTGAGTTATACTGA-1,0.000033,0.005338,0.994628
AACTGATATTAGGCCT-1,0.000052,0.000052,0.999897
AACTGGGTCCCGACGT-1,0.000971,0.000971,0.998058
AACTGGGTTCGAGCCG-1,0.001031,0.001031,0.997938
AACTGGTGTGGGCCTT-1,0.000588,0.000588,0.998823
AACTTCTGCGTCTATC-1,0.000395,0.000395,0.999209
AACTTGCCCGTATGCA-1,0.000935,0.000935,0.998131
AACTTGCGTTCTCGCG-1,0.000588,0.000588,0.998823
AACTTTACGGGAGCTT-1,0.000339,0.000339,0.999322
AACTTTAGCTGCTGAG-1,0.001075,0.001076,0.997849
AACTTTCTCGATCATG-1,0.000629,0.000629,0.998742
AAGAAAGTTTGATGGG-1,0.000044,0.012342,0.987614
AAGAAATCACCAGATT-1,0.000769,0.08664,0.912591
AAGAAGGATCAGTTAG-1,0.000261,0.222449,0.77729
AAGACATACGTGGTTT-1,0.000135,0.428623,0.571242
AAGACCAAATAACTCA-1,0.000013,0.000013,0.999974
AAGACCCAACTGAACA-1,0.000018,0.607385,0.392597
AAGACTAACCCGTTGT-1,0.000725,0.000725,0.99855
AAGACTCACGCCCACT-1,0.000105,0.000105,0.99979
AAGACTGCAAGCTACT-1,0.000023,0.006254,0.993723
AAGAGATGAATCGGTA-1,0.000153,0.000153,0.999694
AAGAGCTCTTTATCGG-1,0.000032,0.034136,0.965832
AAGAGGATGTACGCGA-1,0.000045,0.006973,0.992982
AAGAGGCATGGATCGC-1,0.000016,0.000016,0.999969
AAGAGGCCCTTTGGAA-1,0.000268,0.000268,0.999464
AAGATGGCACCGGACC-1,0.000021,0.644758,0.355222
AAGATTGGCGGAACGT-1,0.000493,0.000493,0.999015
AAGCACCCTGCGTATC-1,0.000216,0.000217,0.999567
AAGCATACTCTCCTGA-1,0.000037,0.017608,0.982354
AAGCCACTTGCAGGTA-1,0.000019,0.000019,0.999962
AAGCCGAAGCGGTTTA-1,0.000054,0.009422,0.990525
AAGCCGCCGTGAAATC-1,0.000023,0.010106,0.989871
AAGCCGCTTTACCTTG-1,0.000571,0.000572,0.998857
AAGCCGGAGAGCAGGA-1,0.000833,0.000834,0.998333
AAGCGCAGGGCTTTGA-1,0.000116,0.344574,0.65531
AAGCGGAGTGCGCGCA-1,0.001316,0.001316,0.997368
AAGCGGCGTCATGGGT-1,0.000474,0.000474,0.999052
AAGCGTCCCTCATCGA-1,0.000045,0.0419,0.958055
AAGCTAGATCGAGTAA-1,0.000015,0.032175,0.96781
AAGCTATGGATTGACC-1,0.000042,0.030672,0.969286
AAGCTCGTGCCAAGTC-1,0.000037,0.000037,0.999926
AAGCTCTTTCATGGTG-1,0.000161,0.091433,0.908407
AAGGAGAACTTATAAG-1,0.001177,0.001177,0.997647
AAGGAGCGGTTGGTGC-1,0.000352,0.000352,0.999296
AAGGATCGATCGCTTG-1,0.000025,0.006954,0.993022
AAGGATGAGGGACCTC-1,0.00027,0.050745,0.948986
AAGGCAGGCTGTCTCC-1,0.000011,0.001683,0.998306
AAGGCGCGTAAAGCTT-1,0.000361,0.000361,0.999278
AAGGCTGTGCTCATCG-1,0.000578,0.030511,0.968911
AAGGGAACGACTGGCT-1,0.000041,0.017925,0.982034
AAGGGACAGATTCTGT-1,0.00036,0.00036,0.99928
AAGGGACTATGCATTC-1,0.000049,0.080574,0.919378
AAGGGTTAGCCATGCG-1,0.000019,0.454165,0.545816
AAGGGTTTGATTTCAG-1,0.000085,0.023667,0.976248
AAGGTATCCTAATATA-1,0.000658,0.000658,0.998684
AAGGTGATAAACCAGC-1,0.000021,0.012938,0.987041
AAGTAAGCTTCCAAAC-1,0.00244,0.00244,0.995121
AAGTAGAAGACCGGGT-1,0.000529,0.000529,0.998942
AAGTAGTGACGCGAGG-1,0.000312,0.000312,0.999377
AAGTCAATTGTCGTCA-1,0.00001,0.002475,0.997516
AAGTCTAGTAGCTGCC-1,0.001124,0.001124,0.997752
AAGTCTTCTGTGGCCT-1,0.000021,0.000021,0.999958
AAGTGACGACCGAATT-1,0.000024,0.000024,0.999953
AAGTGAGTCGGGTTTA-1,0.000071,0.189773,0.810156
AAGTGCAAAGGTAGAC-1,0.000032,0.0002,0.999768
AAGTGCCTTGACTGTA-1,0.000016,0.000016,0.999969
AAGTGCGTTAGAATCT-1,0.000018,0.005399,0.994584
AAGTGCTTCTCTATTG-1,0.000036,0.04048,0.959484
AAGTGTTTGGAGACGG-1,0.000031,0.020469,0.979499
AAGTTCACTCCAAGCT-1,0.000148,0.080657,0.919195
AAGTTCGGCCAACAGG-1,0.000018,0.003145,0.996837
AAGTTGTGATGTTATA-1,0.000159,0.338504,0.661337
AAGTTTACTAATGGCA-1,0.002326,0.002326,0.995348
AAGTTTATGGGCCCAA-1,0.000119,0.167088,0.832793
AATAACAACGCTCGGC-1,0.000048,0.009188,0.990764
AATAACACTAGAACAA-1,0.000009,0.009889,0.990101
AATAACGTCGCGCCCA-1,0.000018,0.592911,0.407071
AATAAGTCCTCGAGAC-1,0.000056,0.000056,0.999888
AATAATCTTCGTATCG-1,0.000084,0.068613,0.931303
AATACAATGTTTCAGG-1,0.000222,0.000222,0.999555
AATACCGGAGGGCTGT-1,0.000041,0.009228,0.990731
AATACCTGATGTGAAC-1,0.000012,0.999892,0.000096
AATAGAACAGAGTGGC-1,0.000007,0.006601,0.993392
AATAGAATCTGTTTCA-1,0.000055,0.000055,0.99989
AATAGCAAGCCTCCTG-1,0.000926,0.000926,0.998148
AATAGCTACCGCGTGC-1,0.00137,0.00137,0.99726
AATAGGCACGACCCTT-1,0.000063,0.178206,0.821731
AATAGTCCGTCCCGAC-1,0.000034,0.000034,0.999933
AATAGTCGCGAGTCGG-1,0.000415,0.028752,0.970833
AATATCAAGGTCGGAT-1,0.000541,0.000541,0.998919
AATATCCTAGCAAACT-1,0.000017,0.012787,0.987197
AATATCGAATCAATGC-1,0.00006,0.026335,0.973605
AATATCGAGGGTTCTC-1,0.00015,0.177712,0.822138
AATATTGGAGTATTGA-1,0.00009,0.00009,0.999821
AATCAGACTGCAGGAC-1,0.000252,0.000252,0.999496
AATCAGGTTTCATTTA-1,0.000093,0.032054,0.967853
AATCATGTAAAGACTC-1,0.000077,0.031371,0.968552
AATCCAAGGGCCTGAG-1,0.000847,0.000848,0.998305
AATCCATGCAAGGGTG-1,0.001389,0.001389,0.997222
AATCCCGCTCAGAGCC-1,0.000025,0.004222,0.995753
AATCGAGGTCTCAAGG-1,0.000028,0.122234,0.877737
AATCGCCTCAGCGCCA-1,0.00002,0.005919,0.994061
AATCGCGCAGAGGACT-1,0.000016,0.002026,0.997957
AATCGGGACACTACGA-1,0.001961,0.001961,0.996078
AATCGGTATAGCCCTC-1,0.000022,0.998673,0.001304
AATCGTGAGCCGAGCA-1,0.000036,0.814831,0.185133
AATCTAGGTTTACTTG-1,0.000017,0.017832,0.982151
AATCTATGCCGGAGCC-1,0.000158,0.000159,0.999683
AATCTCTACTGTGGTT-1,0.000086,0.000086,0.999827
AATCTGCGTTGGGACG-1,0.000025,0.000025,0.99995
AATCTGGCTTTCTAGT-1,0.000011,0.0048,0.995189
AATCTGGGTAGACCCT-1,0.0008,0.0008,0.9984
AATGACAGCAATGTCT-1,0.000023,0.008089,0.991888
AATGACGTAGGATGTC-1,0.000022,0.002041,0.997937
AATGACTGTCAGCCGG-1,0.000099,0.006782,0.993119
AATGAGTTCGCATATG-1,0.000788,0.000788,0.998425
AATGATGATACGCTAT-1,0.001205,0.001205,0.99759
AATGATGCGACTCCTG-1,0.000735,0.000735,0.998529
AATGCAACCGGGTACC-1,0.000243,0.000243,0.999513
AATGCACCAAGCAATG-1,0.000191,0.000191,0.999618
AATGGCCGCCAATGCG-1,0.000568,0.000568,0.998863
AATGGTCCACCGTTCA-1,0.00013,0.00013,0.999741
AATGGTTCTCACAAGC-1,0.000263,0.000263,0.999474
AATGTATGGCACTGTA-1,0.000071,0.000071,0.999858
AATGTGCCCGAGGTGT-1,0.000054,0.077277,0.922669
AATGTGCTAATCTGAG-1,0.000031,0.011207,0.988763
AATGTTAAGACCCTGA-1,0.000023,0.148067,0.851909
AATGTTGTCGTGAGAC-1,0.000118,0.420351,0.579531
AATTAAAGGTCGGCGT-1,0.000046,0.000046,0.999908
AATTAACGGATTTCCA-1,0.000156,0.0607,0.939144
AATTACGAGACCCATC-1,0.000103,0.143721,0.856176
AATTACTCGTACGCTC-1,0.000807,0.000807,0.998387
AATTAGCGCTGCAGCG-1,0.000049,0.043437,0.956515
AATTATACCCAGCAAG-1,0.000026,0.2983,0.701673
AATTCATAAGGGATCT-1,0.00099,0.00099,0.998019
AATTCATTGTCATGCA-1,0.000085,0.000085,0.999829
AATTCCAACTTGGTGA-1,0.001191,0.001191,0.997619
AATTCCAAGCATGTAC-1,0.00006,0.001963,0.997976
AATTCGATTCGAGGAT-1,0.000069,0.582278,0.417653
AATTCTAGAGTTAGGC-1,0.000037,0.000037,0.999927
AATTGAACGCTCTGGT-1,0.000022,0.025696,0.974282
AATTGCAGCAATCGAC-1,0.000188,0.22097,0.778841
AATTGCGTGGATTACA-1,0.00005,0.00005,0.999899
AATTTGGGACATAGTA-1,0.000211,0.01693,0.982859
AATTTGGTTCCAAAGA-1,0.00012,0.00012,0.99976
ACAAACCATGCGTCCT-1,0.000014,0.000014,0.999972
ACAAACCGACAAGGCG-1,0.000169,0.000169,0.999663
ACAAACTCCATCAGAG-1,0.000024,0.001429,0.998547
ACAAAGAAGGTAGGCC-1,0.000024,0.000024,0.999952
ACAAAGCATGACCTAG-1,0.00012,0.093994,0.905886
ACAAATCGCACCGAAT-1,0.000026,0.007339,0.992635
ACAAATGGTAGTGTTT-1,0.000024,0.000024,0.999951
ACAAATTCAGATCTGA-1,0.000962,0.000962,0.998077
ACAACAGCATGAGCTA-1,0.000038,0.000038,0.999924
ACAACGGTCCCTGCGA-1,0.000345,0.09199,0.907665
ACAAGCAGTGCCTAGC-1,0.001493,0.131647,0.86686
ACAAGCTATATGGAAG-1,0.000054,0.032794,0.967151
ACAAGGAAATCCGCCC-1,0.000035,0.000035,0.999931
ACAAGGACAAGAGGTT-1,0.000161,0.009996,0.989843
ACAAGGATGCTTTAGG-1,0.000265,0.000265,0.999469
ACAAGGCCTACCAGCC-1,0.000302,0.078655,0.921043
ACAAGGGCAGGCTCTG-1,0.000038,0.007879,0.992083
ACAAGTAATTGTAAGG-1,0.000048,0.060047,0.939905
ACAATAGTCGTACGTT-1,0.00008,0.023518,0.976402
ACAATCCATTTAAACC-1,0.000048,0.000048,0.999904
ACAATCGATCTTTATA-1,0.000479,0.107612,0.89191
ACAATGAATACGGAGA-1,0.000018,0.594299,0.405683
ACAATGATTCTTCTAC-1,0.001205,0.001205,0.99759
ACAATTGTGTCTCTTT-1,0.000063,0.000064,0.999873
ACAATTTAGGAGGCTC-1,0.000259,0.000259,0.999482
ACAATTTGAGCAGTGG-1,0.000285,0.000285,0.99943
ACAATTTGGCCATATT-1,0.000034,0.014056,0.98591
ACACAAAGACGGGTGG-1,0.000077,0.000077,0.999846
ACACAAATATTCCTAG-1,0.000157,0.000157,0.999686
ACACACCAGGACCAGT-1,0.00002,0.024505,0.975475
ACACACTTTCTACACG-1,0.000229,0.070381,0.92939
ACACATGATCAAATCT-1,0.000041,0.140546,0.859412
ACACATTGACGCAACA-1,0.001613,0.001613,0.996773
ACACATTTCCGTAGAC-1,0.000062,0.051876,0.948062
ACACCACATAATTAGC-1,0.000019,0.008147,0.991834
ACACCCAGCATGCAGC-1,0.000249,0.000249,0.999501
ACACCCGAGAAATCCG-1,0.00032,0.00032,0.999361
ACACCCGTAAATCTGT-1,0.000585,0.000585,0.99883
ACACCGAGCGCTCTTT-1,0.000362,0.056646,0.942992
ACACCGGTCTGACCGC-1,0.000031,0.000031,0.999939
ACACCTTAAGTAGGGC-1,0.000163,0.117134,0.882703
ACACCTTACTACTTGC-1,0.000025,0.00764,0.992335
ACACGAGACTCCTTCT-1,0.000114,0.000114,0.999772
ACACGGCACTATGCAT-1,0.000136,0.000136,0.999729
ACACGGGAACTTAGGG-1,0.000441,0.000441,0.999119
ACACGTAGGCCACAAG-1,0.000338,0.099233,0.900429
ACACTCCAATGTCACT-1,0.000483,0.000483,0.999034
ACACTGATCAAGGTGT-1,0.000012,0.025395,0.974592
ACACTGGGACAGTCGT-1,0.00047,0.075714,0.923816
ACAGAACTGAGAACAA-1,0.000017,0.013787,0.986196
ACAGATTAGGTTAGTG-1,0.000885,0.086293,0.912822
ACAGCATAGAGCCAGT-1,0.000476,0.000476,0.999047
ACAGCGACATTCTCAT-1,0.00042,0.00042,0.99916
ACAGCGCACCCGCAGC-1,0.000503,0.000503,0.998995
ACAGGAGGCGCAGCCG-1,0.000254,0.000254,0.999492
ACAGGCTTGCCCGACT-1,0.000056,0.03155,0.968395
ACAGGTGGAGGTGAGG-1,0.000019,0.023867,0.976114
ACAGGTGTGTTGTTGC-1,0.000051,0.01144,0.988509
ACAGTAATACAACTTG-1,0.000042,0.000042,0.999916
ACAGTATACCGTGGGA-1,0.001613,0.001613,0.996774
ACAGTGCAGCGCATTT-1,0.001563,0.001563,0.996874
ACATAAGTCGTGGTGA-1,0.000069,0.031889,0.968041
ACATAATAAGGCGGTG-1,0.000515,0.000516,0.998969
ACATACAATCAAGCGG-1,0.000026,0.969238,0.030736
ACATCAGCTGGGACGC-1,0.000108,0.000108,0.999785
ACATCCCGGCCATACG-1,0.000031,0.023212,0.976756
ACATCCTGGTAACTGT-1,0.000021,0.000021,0.999957
ACATCGATCGTTTACC-1,0.000054,0.044969,0.954977
ACATCGCAATATTCGG-1,0.000057,0.113084,0.886859
ACATCGGTCAGCCGCG-1,0.000039,0.000039,0.999923
ACATCGTATGCAATGG-1,0.000045,0.000045,0.999909
ACATCGTTAACCTAGT-1,0.000893,0.000893,0.998214
ACATCTCAACGCGTAA-1,0.000201,0.000201,0.999598
ACATGCTTACGGCAGC-1,0.000024,0.000024,0.999952
ACATGGCGCCAAAGTA-1,0.000015,0.015444,0.984541
ACATGGCTCAATTTAG-1,0.000572,0.000572,0.998857
ACATTAGTTTATATCC-1,0.000039,0.026002,0.973959
ACATTCGCGCGGAATA-1,0.000036,0.000036,0.999928
ACATTTGAAACCTAAC-1,0.000011,0.999898,0.00009
ACCAAACACCCAGCGA-1,0.000295,0.000295,0.99941
ACCAAACTAGAAATCC-1,0.000314,0.000314,0.999373
ACCAACACCACACACT-1,0.000544,0.000544,0.998913
ACCAACCGCACTCCAC-1,0.000127,0.044553,0.95532
ACCAACGCTTATTTAT-1,0.000027,0.025444,0.97453
ACCAAGAACGCGTGTC-1,0.000089,0.04932,0.950591
ACCAAGTCATCGGCAG-1,0.000048,0.976789,0.023163
ACCAATATGCAAGTTA-1,0.000114,0.051411,0.948475
ACCACAACTCAGAACA-1,0.00099,0.00099,0.99802
ACCACAAGTTTCTATC-1,0.000251,0.045896,0.953853
ACCACACGGTTGATGG-1,0.000033,0.145645,0.854322
ACCACCAATGTAACAA-1,0.000016,0.017843,0.98214
ACCACCCTCTCTTCTA-1,0.000516,0.000516,0.998969
ACCACGTGCAGCTATA-1,0.000044,0.010129,0.989827
ACCACTGTTCAAGAAG-1,0.00009,0.00009,0.99982
ACCAGACCATAACAAC-1,0.00002,0.022822,0.977159
ACCAGCCCGGTCTTTG-1,0.000184,0.000184,0.999632
ACCAGGAGTGTGATCT-1,0.000439,0.000439,0.999123
ACCAGTGCCCGGTCAA-1,0.001282,0.001282,0.997436
ACCAGTGCGGGAGACG-1,0.000036,0.000036,0.999928
ACCATATCCGCAATAA-1,0.000025,0.025753,0.974222
ACCATCCGCCAACTAG-1,0.000017,0.01296,0.987023
ACCATCGTATATGGTA-1,0.000025,0.009227,0.990747
ACCATTAAGGGTGTCA-1,0.000952,0.000953,0.998095
ACCCAACGCCCGTGGC-1,0.000063,0.000063,0.999874
ACCCACCTACATGCTC-1,0.001111,0.001111,0.997777
ACCCATCTTGAGGGTA-1,0.000046,0.038054,0.961899
ACCCATTTGTCCCTCT-1,0.000226,0.000226,0.999548
ACCCGAGCGAAATTAC-1,0.00004,0.138791,0.861169
ACCCGATTGGTTCCGA-1,0.000074,0.000586,0.99934
ACCCGGAAACTCCCAG-1,0.000136,0.000136,0.999729
ACCCGGAGCACCACAA-1,0.000581,0.000582,0.998837
ACCCGGATGACGCATC-1,0.000017,0.000017,0.999967
ACCCGGTTACACTTCC-1,0.000035,0.013016,0.986949
ACCCGTAGCAGAGAAT-1,0.000031,0.057325,0.942643
ACCCGTAGTCTAGTTG-1,0.000128,0.474563,0.525309
ACCCGTGTCATCAGTA-1,0.000073,0.061474,0.938453
ACCCTATAGGACTGAG-1,0.000662,0.073179,0.926158
ACCCTATGCCATATCG-1,0.000035,0.006256,0.993709
ACCCTCCCGTCAGGGC-1,0.000062,0.847342,0.152596
ACCCTCCCTTGCTATT-1,0.00002,0.007882,0.992098
ACCCTGGTAACGCCCT-1,0.001754,0.001755,0.99649
ACCCTTCATCTGCGAA-1,0.000082,0.000082,0.999836
ACCCTTGCCTGGGTCG-1,0.000877,0.000877,0.998245
ACCCTTTAGTTCTCCA-1,0.000444,0.000445,0.999111
ACCGAAAGGGCCCTGC-1,0.001075,0.001076,0.997849
ACCGAAGAGTCTGGTT-1,0.000032,0.023863,0.976105
ACCGACACATCTCCCA-1,0.000086,0.103117,0.896796
ACCGACTGAGTCCCAC-1,0.000252,0.038356,0.961392
ACCGAGTCTCCTTATT-1,0.000168,0.393904,0.605929
ACCGATAGGCATAACC-1,0.000633,0.093637,0.90573
ACCGATATTTAATCAT-1,0.00019,0.072154,0.927655
ACCGATGGTAGCATCG-1,0.000033,0.016104,0.983863
ACCGCAATAACTGCCT-1,0.000015,0.011611,0.988375
ACCGCGGTGGAAGTCG-1,0.000022,0.011601,0.988377
ACCGCTAGTCATTGGT-1,0.000042,0.000042,0.999915
ACCGGGCCTTTGTTGA-1,0.000019,0.005922,0.994059
ACCGGTCAGGTACACC-1,0.000064,0.056509,0.943427
ACCGGTCTGAGTACGG-1,0.000847,0.000848,0.998305
ACCGTCCACTGGGCCC-1,0.000054,0.000055,0.999891
ACCGTGACCACGTGGG-1,0.000046,0.460115,0.53984
ACCGTTCCCGCTCTGA-1,0.001667,0.098078,0.900255
ACCTAAGTACCTTTCA-1,0.000022,0.023472,0.976506
ACCTAATCGACTTCCT-1,0.000242,0.000242,0.999516
ACCTACAGTATGTGGT-1,0.000019,0.000019,0.999962
ACCTACTATAAATCTA-1,0.00006,0.087864,0.912075
ACCTCAGCGAGGCGCA-1,0.000195,0.822018,0.177788
ACCTCCGCCCTCGCTG-1,0.000288,0.02988,0.969832
ACCTCCGTTATTCACC-1,0.000024,0.013071,0.986904
ACCTCGAACTTATGCT-1,0.000076,0.000076,0.999848
ACCTGCGTGTCATGTT-1,0.000038,0.000038,0.999925
ACCTTTCCTTTAGAAG-1,0.000629,0.062581,0.93679
ACGAAATGGGCGGCAC-1,0.001,0.001,0.998
ACGACCCATGAGTTGC-1,0.000376,0.000376,0.999248
ACGACTCTAGGGCCGA-1,0.000047,0.831373,0.16858
ACGACTGGTCATACTC-1,0.000037,0.093741,0.906222
ACGAGAACCCATCACG-1,0.000415,0.000415,0.99917
ACGAGATATTTGCTTA-1,0.002703,0.002703,0.994594
ACGAGGATACCACTCT-1,0.000025,0.000025,0.99995
ACGAGGTTTACAACGT-1,0.000062,0.104554,0.895384
ACGAGTACGGATGCCC-1,0.000095,0.000095,0.999811
ACGAGTCGCCGGCGTT-1,0.003333,0.003334,0.993332
ACGATACATAGAACTA-1,0.000476,0.000476,0.999047
ACGATACCTATCCTGA-1,0.000133,0.009319,0.990548
ACGATCATACATAGAG-1,0.000943,0.000944,0.998113
ACGATCATCTTGTAAA-1,0.000019,0.004367,0.995614
ACGATGCATATGTTAT-1,0.000075,0.000075,0.99985
ACGATGGATCCGATGC-1,0.000138,0.000138,0.999723
ACGCAAACTAATAGAT-1,0.000053,0.100348,0.8996
ACGCAATCACTACAGC-1,0.000526,0.053116,0.946358
ACGCATAAATGACATG-1,0.002942,0.002942,0.994116
ACGCATACGTTTACTA-1,0.000226,0.098209,0.901566
ACGCATTCGTGAGTAC-1,0.000095,0.000095,0.999811
ACGCCACTCGAAACAG-1,0.000017,0.061258,0.938725
ACGCCAGATGATTTCT-1,0.000474,0.000474,0.999052
ACGCCAGTGCGTTTGC-1,0.000029,0.999742,0.000229
ACGCCCAGCTGTCGAT-1,0.000182,0.000182,0.999637
ACGCCGCTAGACGACC-1,0.000014,0.000014,0.999972
ACGCCTGACACGCGCT-1,0.001333,0.001334,0.997333
ACGCGAAGTCAGACGA-1,0.000026,0.054838,0.945136
ACGCGCTACACAGGGT-1,0.000019,0.00382,0.996161
ACGCGGGCCAAGGACA-1,0.000051,0.000051,0.999898
ACGCGTTTCTTAAGAG-1,0.000125,0.000125,0.99975
ACGCTACTGAATGGGC-1,0.000018,0.77084,0.229142
ACGCTAGTATCAGTGC-1,0.000083,0.000083,0.999834
ACGCTAGTGATACACT-1,0.000054,0.021439,0.978507
ACGCTGTGAGGCGTAG-1,0.000057,0.000057,0.999886
ACGCTTAGTGTCTCTC-1,0.000453,0.000453,0.999095
ACGGAACACGAGTGCC-1,0.000017,0.999845,0.000138
ACGGAATTTAGCAAAT-1,0.000355,0.066872,0.932774
ACGGACGCAGCGACAA-1,0.000025,0.015592,0.984384
ACGGACTCTCAAAGCG-1,0.000356,0.235021,0.764623
ACGGATGGTGCGGATA-1,0.000124,0.084366,0.91551
ACGGCACTTGCTTGGG-1,0.000066,0.016738,0.983195
ACGGCCAACATGGACT-1,0.000018,0.025839,0.974143
ACGGCGACGATGGGAA-1,0.000015,0.001589,0.998397
ACGGCGGGTTGCCCTG-1,0.002,0.002,0.996
ACGGCTGGATGTAGAA-1,0.000024,0.01391,0.986066
ACGGGAGTGTCGGCCC-1,0.000025,0.000025,0.99995
ACGGGCGTATGCGACA-1,0.000901,0.000901,0.998198
ACGGGTCATGTGACTT-1,0.000276,0.000276,0.999447
ACGGGTTGTGACCTGT-1,0.000107,0.026092,0.973801
ACGGTCACCGAGAACA-1,0.000028,0.000028,0.999944
ACGTACAGATTTCTCT-1,0.000356,0.018822,0.980822
ACGTACTTTGGCACGG-1,0.000046,0.036813,0.963141
ACGTAGATTGCTGATG-1,0.000081,0.000081,0.999838
ACGTAGGAGAGTCGCT-1,0.000039,0.07193,0.928031
ACGTATTACTCCGATC-1,0.000042,0.000042,0.999915
ACGTCCTAAACGAGAT-1,0.00069,0.00069,0.99862
ACGTCGGGCAACTCGG-1,0.000043,0.001566,0.998391
ACGTCTCGTTCCGGGA-1,0.000039,0.024771,0.97519
ACGTGACAAAGTAAGT-1,0.000021,0.519498,0.480481
ACGTGCGCCTCGTGCA-1,0.000352,0.000352,0.999296
ACGTGGTCGAATGTGC-1,0.000375,0.064006,0.935619
ACGTTAATGTCGAAGA-1,0.000025,0.000025,0.999951
ACGTTAGATTTGCCCG-1,0.000079,0.000079,0.999842
ACGTTATTGGTCACTC-1,0.001124,0.001124,0.997752
ACGTTCACTATGCCGC-1,0.000039,0.000039,0.999921
ACGTTCCGCGCTCCGT-1,0.00069,0.00069,0.99862
ACGTTCGCAATCAATT-1,0.000022,0.043777,0.956201
ACGTTCGTTCAGGAAA-1,0.000012,0.861658,0.138329
ACGTTCTGTACAAGTC-1,0.000132,0.158692,0.841176
ACGTTGTCGTTGAAAG-1,0.000034,0.013649,0.986317
ACGTTTAGTTGTGATC-1,0.000321,0.036613,0.963066
ACGTTTCGGTGCACTT-1,0.000021,0.795373,0.204606
ACTAAGGACGCACACC-1,0.001316,0.001316,0.997368
ACTAATACGTCAGGCG-1,0.001064,0.001064,0.997872
ACTACAAAGAGAGGTG-1,0.000044,0.000044,0.999913
ACTACATCCCGACAAG-1,0.000026,0.024704,0.97527
ACTACCAGCTCTCTGG-1,0.000556,0.000556,0.998889
ACTACCATCCGAGGGC-1,0.000039,0.000039,0.999921
ACTACGCGTTAGAATT-1,0.000019,0.535108,0.464873
ACTAGTTGCGATCGTC-1,0.000062,0.020173,0.979766
ACTATATGCTGTGTTC-1,0.00049,0.113224,0.886286
ACTATCCAGGGCATGG-1,0.000021,0.012904,0.987075
ACTATCGCCGGCTAAA-1,0.000121,0.111914,0.887965
ACTATCTGCCCGCGTA-1,0.000267,0.000267,0.999465
ACTATGTCCAGCTGCC-1,0.000061,0.007976,0.991962
ACTATTCGTCCGTGGT-1,0.000424,0.055715,0.943862
ACTATTTCCGGGCCCA-1,0.000027,0.590534,0.409438
ACTCAACGAATGTATT-1,0.001493,0.001493,0.997014
ACTCAAGTGCAAGGCT-1,0.000317,0.000318,0.999365
ACTCAATAAAGGCACG-1,0.000262,0.000262,0.999476
ACTCAGACCTGCTTCT-1,0.000131,0.000131,0.999737
ACTCATGGCAGCCTTC-1,0.000043,0.000043,0.999914
ACTCCAATATCATCAT-1,0.00007,0.032963,0.966967
ACTCCCATTCCTAAAG-1,0.000022,0.007739,0.992239
ACTCCCGAATTCGTTT-1,0.000027,0.015166,0.984807
ACTCCCGTAGACTAGG-1,0.00137,0.00137,0.99726
ACTCCCTAATGCTAAA-1,0.000061,0.000061,0.999877
ACTCCCTAGAATAGTA-1,0.000038,0.04041,0.959553
ACTCCGGCCGACCACT-1,0.00003,0.963764,0.036205
ACTCGATGTATTTCAT-1,0.000633,0.000633,0.998734
ACTCGCGATCTGACGC-1,0.000015,0.002972,0.997014
ACTCGTAACCCGTCCT-1,0.000029,0.000029,0.999942
ACTCGTCAGTAATCCC-1,0.000019,0.006003,0.993977
ACTCTAAACCTGGGAT-1,0.000276,0.000276,0.999447
ACTCTCTGACTTAGGT-1,0.000042,0.025427,0.974531
ACTCTCTTATACACGA-1,0.000271,0.000271,0.999458
ACTCTGACCTAATAGA-1,0.000046,0.755423,0.244531
ACTCTTCAGCTCCCGC-1,0.00001,0.011195,0.988794
ACTCTTGTATAGTAAC-1,0.000048,0.000048,0.999905
ACTGAAACGCCGTTAG-1,0.000229,0.033081,0.96669
ACTGAATGGCGAAAGT-1,0.00002,0.00002,0.999959
ACTGATTTAGTGATTC-1,0.000599,0.000599,0.998802
ACTGCCCGCCATTCTC-1,0.000067,0.047355,0.952578
ACTGCCGTCGTAACTC-1,0.000066,0.046295,0.953638
ACTGCGGACACACCGT-1,0.000022,0.003007,0.996971
ACTGCTCGGAAGGATG-1,0.000014,0.772438,0.227548
ACTGGCGAACCTGCGT-1,0.000901,0.000901,0.998198
ACTGGGATGCCAGTGC-1,0.000048,0.000048,0.999903
ACTGTACGATACACAT-1,0.000098,0.016185,0.983717
ACTGTAGCACTTTGGA-1,0.00017,0.00017,0.999661
ACTGTATACGCGAGCA-1,0.000658,0.000658,0.998684
ACTGTCCAGGATTATA-1,0.000071,0.028408,0.97152
ACTGTCTTCTTTAGAA-1,0.000092,0.000092,0.999816
ACTGTGCTAGTAGATC-1,0.000549,0.00055,0.998901
ACTGTTTAGTGTAGGC-1,0.001266,0.001266,0.997468
ACTTACCGGGCGCGCA-1,0.000091,0.000091,0.999817
ACTTACGCATCCACGC-1,0.000245,0.000245,0.999511
ACTTAGTACGACAAGA-1,0.0004,0.10053,0.89907
ACTTATACTTACCCGG-1,0.000027,0.000027,0.999945
ACTTATCTGATCTATA-1,0.000614,0.000614,0.998773
ACTTATTAGGATCGGT-1,0.000052,0.002303,0.997645
ACTTATTTATGTGCCA-1,0.00003,0.037651,0.962318
ACTTCAGGCTGATCCC-1,0.000047,0.010208,0.989745
ACTTCCAGTGGAAGCT-1,0.000077,0.032676,0.967247
ACTTCCATGCGGGACA-1,0.000325,0.000325,0.999351
ACTTCCTGTCGTGCGA-1,0.001299,0.001299,0.997402
ACTTCGCCATACGCAC-1,0.000356,0.000356,0.999288
ACTTCGCTAGCGAGTG-1,0.000012,0.000012,0.999975
ACTTGACTCCCTCTTT-1,0.000031,0.006672,0.993297
ACTTGCCATATTGTAC-1,0.000658,0.000658,0.998684
ACTTGCTCTATCTACC-1,0.000057,0.000057,0.999887
ACTTGGGACCCGGTGG-1,0.000078,0.000078,0.999843
ACTTGGGCTTTCGCCA-1,0.000273,0.000273,0.999455
ACTTGTAGTCCCTTCA-1,0.000023,0.003081,0.996896
ACTTGTGGATGGAACG-1,0.00013,0.035441,0.964428
ACTTGTTACCGGATCA-1,0.000021,0.006456,0.993523
ACTTTACCCTCATGAA-1,0.000015,0.001852,0.998133
ACTTTATACACCACTT-1,0.000033,0.000033,0.999933
ACTTTCCTATAGCTTC-1,0.000277,0.132679,0.867044
ACTTTGACTGCATCCT-1,0.000065,0.000065,0.99987
ACTTTGGTCGTGCTCC-1,0.000085,0.000085,0.99983
ACTTTGTCGACGCACT-1,0.001075,0.001076,0.997849
AGAAATTATGACTCGC-1,0.000195,0.075565,0.924239
AGAACACGGCGATGGT-1,0.000025,0.002439,0.997537
AGAACCCAGCGTGACA-1,0.000022,0.000022,0.999957
AGAACCCTCAATTGGG-1,0.000034,0.055258,0.944708
AGAACGTGGTACATTC-1,0.000781,0.000781,0.998437
AGAACTGTACTTTGTA-1,0.000023,0.948989,0.050988
AGAAGAGCGCCGTTCC-1,0.000463,0.000463,0.999074
AGAAGGTACACTTCAC-1,0.000013,0.000795,0.999192
AGAAGGTTGCCGAATT-1,0.000012,0.005537,0.994451
AGAAGGTTGTAGGTCG-1,0.000073,0.789334,0.210593
AGAAGTGATTCGTGAT-1,0.000037,0.000037,0.999925
AGAATAAATCTTCAGG-1,0.000046,0.000046,0.999908
AGAATACAGGCTATCC-1,0.000015,0.999868,0.000118
AGAATGCGGGTTCGGA-1,0.000614,0.000614,0.998773
AGAATTATGGATTCGA-1,0.00003,0.000828,0.999142
AGAATTGTTTGACATA-1,0.00051,0.00051,0.998979
AGACAGCTCAGAATCC-1,0.001449,0.00145,0.997101
AGACAGGCATCTCAGC-1,0.00047,0.00047,0.999061
AGACATAGATCCTTCC-1,0.00115,0.00115,0.997701
AGACCAAACCACACCT-1,0.000018,0.009529,0.990454
AGACCATGGGATACAA-1,0.000769,0.000769,0.998461
AGACCCACCGCTGATC-1,0.000041,0.002447,0.997513
AGACCCGCCCTCCTCG-1,0.000453,0.000453,0.999095
AGACCGCTCCGCGGTT-1,0.000101,0.000101,0.999799
AGACCGGGAAACCCTG-1,0.000034,0.004772,0.995194
AGACGAAGTGCCGGTC-1,0.000026,0.025931,0.974044
AGACGACGATGCCGCT-1,0.000028,0.001623,0.998349
AGACGCCCACTTCGCC-1,0.000758,0.000758,0.998485
AGACGGGATTGGTATA-1,0.000137,0.030887,0.968976
AGACGGGCCGATTTAA-1,0.00036,0.165147,0.834493
AGACTAGCCTTCCAGA-1,0.00018,0.000204,0.999616
AGACTGTTACCGGGTC-1,0.000074,0.077442,0.922484
AGAGAAACACCAGAAA-1,0.000024,0.036285,0.963691
AGAGAACCGTCTAGGA-1,0.000154,0.094803,0.905043
AGAGAAGGAGTACAAT-1,0.000024,0.486065,0.51391
AGAGATCTCTAAAGCG-1,0.000036,0.004884,0.995079
AGAGCAGTTATGAGAC-1,0.000136,0.399294,0.60057
AGAGCCGCCGAGATTT-1,0.000403,0.116855,0.882742
AGAGCGCTTGTAACGG-1,0.000113,0.000113,0.999774
AGAGCGGGCTAATCAT-1,0.000096,0.000096,0.999808
AGAGCGTACAAGCTCG-1,0.001064,0.001064,0.997872
AGAGCTACGAAAGCAT-1,0.000391,0.065267,0.934343
AGAGGCTTCGGAAACC-1,0.000027,0.000027,0.999946
AGAGGGACAATTGTCC-1,0.002041,0.002041,0.995918
AGAGGTATCTCGGTCC-1,0.000909,0.000909,0.998182
AGAGTAAACTTCACTA-1,0.000028,0.020717,0.979255
AGAGTATAGTGTTACG-1,0.000039,0.033381,0.96658
AGAGTCTTAATGAAAG-1,0.000031,0.206182,0.793788
AGAGTGAACAGACACC-1,0.000177,0.000177,0.999646
AGAGTTAGAGACCGAT-1,0.000909,0.000909,0.998181
AGAGTTGCAGGCCTCC-1,0.001389,0.001389,0.997222
AGATAACTTCAGGGCC-1,0.000106,0.000106,0.999789
AGATAATCACACCTAT-1,0.000034,0.018203,0.981763
AGATACCAATAGAACC-1,0.000121,0.102454,0.897426
AGATACCAGCACTTCA-1,0.000667,0.000667,0.998666
AGATACCGGTGTTCAC-1,0.000017,0.01147,0.988512
AGATACGACTTCATAT-1,0.000807,0.000807,0.998387
AGATACTCAAGATCGA-1,0.000026,0.140547,0.859427
AGATATAATACGACTA-1,0.000039,0.788629,0.211332
AGATCGTGCATAAGAT-1,0.001124,0.001124,0.997752
AGATCTCAGGTGTGAT-1,0.000113,0.088675,0.911212
AGATCTGGAGAGGATA-1,0.000028,0.000028,0.999945
AGATGACTCGCCCACG-1,0.000251,0.000251,0.999497
AGATGAGGGTTGCGAT-1,0.001087,0.001087,0.997826
AGATGATGGAGTCTGG-1,0.000019,0.014365,0.985616
AGATGCAAGACGTGCA-1,0.000064,0.189083,0.810852
AGATGCATCCTGTGTC-1,0.00003,0.023217,0.976753
AGATGCTATAACGAGC-1,0.000408,0.000408,0.999184
AGATTATAGGACGTTT-1,0.000045,0.018748,0.981207
AGATTCAAGCGGGTCG-1,0.000345,0.000345,0.99931
AGATTCACAACCGATA-1,0.000016,0.52863,0.471355
AGCAAAGGCCGCTAGT-1,0.000334,0.118371,0.881295
AGCAACATATCTTATT-1,0.000025,0.01412,0.985855
AGCAACCGAAAGTAAT-1,0.000027,0.514428,0.485545
AGCACACGTTTAGACT-1,0.000063,0.000064,0.999873
AGCACCAGTACTCACG-1,0.000413,0.000413,0.999173
AGCACTACCGGCCTGT-1,0.000145,0.000145,0.999709
AGCACTACCTCACCAG-1,0.000045,0.000045,0.999911
AGCACTTAAGGACGCC-1,0.000719,0.00072,0.998561
AGCAGAAGGAGAAAGA-1,0.000027,0.68342,0.316553
AGCAGCCAGATGAATA-1,0.000037,0.028422,0.971541
AGCAGTCGAAGCATGC-1,0.000034,0.23769,0.762276
AGCATATCAATATGCT-1,0.00005,0.00005,0.999899
AGCATCATTTCGAAAG-1,0.000024,0.018915,0.981062
AGCATCGTCGATAATT-1,0.000629,0.074132,0.925239
AGCATTACGAGGCAAG-1,0.000145,0.436644,0.563212
AGCCAAGCTTTGTGTC-1,0.000139,0.079496,0.920366
AGCCACAGGTTACCCG-1,0.000225,0.162573,0.837202
AGCCACTCCCGTGCTT-1,0.001515,0.181701,0.816783
AGCCATATAGTATGTG-1,0.000122,0.135074,0.864805
AGCCCATACATGTAAG-1,0.000023,0.002909,0.997068
AGCCCGCAACAAGCAG-1,0.000037,0.022351,0.977612
AGCCCGCACTACAATG-1,0.000014,0.985309,0.014677
AGCCCGGCATTAGAGG-1,0.000025,0.029534,0.970441
AGCCCGGTAGCCTGTA-1,0.00005,0.46123,0.538719
AGCCCTAAGCGAAGTT-1,0.000123,0.000123,0.999754
AGCCCTCCCTGGTGGC-1,0.000036,0.008739,0.991225
AGCCCTGTCGCACCGT-1,0.000027,0.000027,0.999947
AGCCCTTGGACATCCC-1,0.000429,0.000429,0.999141
AGCCGCAAATTCAAAT-1,0.000033,0.000033,0.999933
AGCCGCTTGATTAGCG-1,0.000334,0.029127,0.970539
AGCCGTGGCTAAATGT-1,0.000018,0.008883,0.991099
AGCCTAATACCCACGT-1,0.000017,0.000017,0.999966
AGCCTTAAAGCGGAAG-1,0.000909,0.000909,0.998181
AGCCTTGTCACTGATA-1,0.000097,0.000097,0.999805
AGCGACAGGAACGGTC-1,0.000016,0.000251,0.999733
AGCGACATCCCATTCA-1,0.000385,0.000385,0.999231
AGCGACCAACGATATT-1,0.000061,0.000061,0.999877
AGCGACTTTGAAGACA-1,0.000078,0.1268,0.873122
AGCGAGACGTGAAGGC-1,0.000092,0.038278,0.961631
AGCGATGCGCCTAATA-1,0.000172,0.166861,0.832967
AGCGCATAATGAATCG-1,0.000042,0.036584,0.963373
AGCGCGGGTGCCAATG-1,0.00137,0.00137,0.99726
AGCGCTAGAGCGATGT-1,0.000018,0.003038,0.996944
AGCGCTTATGGGCAAG-1,0.002857,0.002858,0.994285
AGCGGACACTTCGTAG-1,0.000028,0.859602,0.14037
AGCGGCGGTTAGCGGT-1,0.000025,0.013087,0.986889
AGCGGGAAGGGTCCAT-1,0.001205,0.001205,0.99759
AGCGGGTCTGACACTC-1,0.000101,0.227172,0.772727
AGCGGTTGAGATGTAC-1,0.001163,0.001163,0.997674
AGCGGTTGCCGCTCTG-1,0.000207,0.000207,0.999586
AGCGTACGAGAGCTAG-1,0.000704,0.000704,0.998591
AGCGTAGCGCTAGACC-1,0.001563,0.001563,0.996875
AGCGTCTGAACCCGCA-1,0.002128,0.002128,0.995744
AGCGTGGTATTCTACT-1,0.000037,0.021198,0.978764
AGCGTTCCGATTTAAA-1,0.001316,0.001316,0.997368
AGCTAACAAGCAATGT-1,0.000052,0.280157,0.719791
AGCTAAGCTCCGTCCG-1,0.000025,0.025388,0.974587
AGCTAAGTACGCAGGC-1,0.000168,0.071019,0.928814
AGCTACGAATGGTGGT-1,0.00036,0.316569,0.683071
AGCTAGAAGCAGAAGT-1,0.000685,0.000685,0.99863
AGCTATTTAATCCAAC-1,0.000426,0.000426,0.999149
AGCTCCATATATGTTC-1,0.000313,0.000318,0.99937
AGCTCCTTCGCACATC-1,0.000061,0.000061,0.999879
AGCTCGTTGATGGAAA-1,0.000654,0.000654,0.998693
AGCTCTAGACGTTCCA-1,0.000019,0.000983,0.998998
AGCTCTTCCCAGTGCA-1,0.000196,0.000197,0.999607
AGCTCTTCGTAACCTT-1,0.000031,0.000031,0.999938
AGCTCTTTACTCAGTT-1,0.000029,0.000029,0.999943
AGCTGAAGTAAACCAA-1,0.000763,0.000764,0.998473
AGCTGCATTTGAGGTG-1,0.000775,0.000775,0.998449
AGCTGCTGTGCCGAAT-1,0.001639,0.00164,0.996721
AGCTGTAACCTCAATC-1,0.000029,0.01403,0.985942
AGCTTATAGAGACCTG-1,0.003226,0.003226,0.993548
AGCTTCAATACTTTGA-1,0.000637,0.000637,0.998726
AGCTTCTTCTCGAGCA-1,0.000107,0.661585,0.338308
AGCTTGATCAGGGTAG-1,0.000044,0.000143,0.999813
AGCTTGATCTTAACTT-1,0.000015,0.010864,0.98912
AGGAAAGCCTCTGATG-1,0.001923,0.001923,0.996153
AGGAACGAACGACTTC-1,0.000453,0.000453,0.999095
AGGAAGCTGTCCGCCG-1,0.000071,0.240007,0.759921
AGGACAGTCGAATCCC-1,0.000034,0.000034,0.999933
AGGACATCGCACGTCG-1,0.000333,0.000333,0.999333
AGGACATCGGCACACT-1,0.00008,0.718319,0.281601
AGGACGACCCATTAGA-1,0.000021,0.000021,0.999959
AGGACGCTCGATGTTG-1,0.000183,0.17747,0.822347
AGGACTTATAGGAGAA-1,0.000109,0.009336,0.990556
AGGAGACATCCACAGT-1,0.000565,0.000565,0.99887
AGGAGAGTCTGGCTAC-1,0.000052,0.000052,0.999896
AGGAGCGTTTATTATC-1,0.000211,0.16459,0.835199
AGGAGGCCTTCGCGCG-1,0.000043,0.010282,0.989675
AGGATAAAGTCGGGAT-1,0.000016,0.022103,0.977881
AGGATATAGGGATTTA-1,0.000016,0.000016,0.999968
AGGATATCCGACTGCA-1,0.000034,0.923434,0.076532
AGGATCACGCGATCTG-1,0.000023,0.000023,0.999954
AGGATTGCTTACGACA-1,0.000033,0.000033,0.999934
AGGCAAAGAGGAATCA-1,0.00303,0.003032,0.993938
AGGCAATACGGAGGAC-1,0.000498,0.060959,0.938543
AGGCACGTGACTGTCC-1,0.000244,0.050503,0.949253
AGGCAGATGCGTAAAC-1,0.000067,0.000067,0.999865
AGGCAGGGAGCGTACT-1,0.000016,0.065901,0.934083
AGGCATTGTCGTAGGG-1,0.000048,0.030038,0.969915
AGGCCACATTGGTTAC-1,0.00004,0.00004,0.99992
AGGCCACCCGTTATGA-1,0.000088,0.025952,0.97396
AGGCCCAGTGACTGGT-1,0.000338,0.000338,0.999324
AGGCCCATTGTACAGG-1,0.000131,0.000184,0.999685
AGGCCCTAGAACGCCA-1,0.000016,0.009416,0.990568
AGGCCTATCATACCAA-1,0.00005,0.006063,0.993887
AGGCCTGAGAATCTCG-1,0.00026,0.00026,0.999479
AGGCGATAACTGGCGT-1,0.000361,0.104349,0.895289
AGGCGGTTTGTCCCGC-1,0.000095,0.100203,0.899702
AGGCGTCTATGGACGG-1,0.00098,0.000981,0.998039
AGGCTATGGTTAGCTT-1,0.00026,0.00026,0.99948
AGGCTTAAGTTGCACA-1,0.000187,0.053885,0.945928
AGGCTTCCCGAAGAAG-1,0.000024,0.003517,0.996458
AGGCTTGCTAGACACC-1,0.000794,0.000794,0.998412
AGGGAAACGAGGTACT-1,0.000935,0.000935,0.99813
AGGGACAGCACGGCGG-1,0.000588,0.000588,0.998823
AGGGACCGGCTGCGTT-1,0.000011,0.000864,0.999125
AGGGACTCTACGCGAC-1,0.000043,0.063049,0.936908
AGGGAGACATACTTCG-1,0.000035,0.000695,0.99927
AGGGCAGCGGCGTGGT-1,0.001961,0.001961,0.996078
AGGGCCCTAATGTTCT-1,0.00069,0.206684,0.792626
AGGGCGAGCAGCTGAT-1,0.000039,0.022175,0.977787
AGGGCGTGATCGGCTA-1,0.000292,0.000292,0.999417
AGGGCTGCAGTTACAG-1,0.000029,0.000029,0.999942
AGGGTCAGAGCACTCG-1,0.000056,0.000056,0.999888
AGGGTCAGTAACCCTA-1,0.00125,0.00125,0.9975
AGGGTCGATGCGAACT-1,0.000015,0.000015,0.99997
AGGGTCTGGACGCAGT-1,0.000078,0.805489,0.194433
AGGGTGCCGTTCTTTA-1,0.000049,0.029178,0.970773
AGGGTGCTCTCGAGGG-1,0.000037,0.021919,0.978044
AGGGTGGATAGTGCAT-1,0.000621,0.000621,0.998758
AGGGTGTGCTACACGC-1,0.001124,0.001124,0.997752
AGGGTTCAGACGGTCC-1,0.000041,0.000041,0.999919
AGGGTTCCCTTTGGTT-1,0.000092,0.003718,0.99619
AGGGTTTAGTTCGGGA-1,0.00011,0.00011,0.999781
AGGTAACCTCCTATTC-1,0.000223,0.028778,0.971
AGGTACGATATTGCCA-1,0.0003,0.0003,0.999399
AGGTAGATCGAGATAT-1,0.000018,0.026034,0.973948
AGGTAGGTACAAAGCT-1,0.000125,0.000126,0.999749
AGGTATAATTGATAGT-1,0.000021,0.000346,0.999633
AGGTATGCGGACATTA-1,0.000019,0.000019,0.999962
AGGTCAGGTGAGAGTG-1,0.000017,0.000017,0.999966
AGGTCGCCACTTCGGT-1,0.000254,0.000255,0.999491
AGGTCGCCTCCCAACA-1,0.000763,0.039831,0.959406
AGGTCGCGGAGTTACT-1,0.00018,0.00018,0.999641
AGGTGCACGTCCACAT-1,0.000057,0.989078,0.010865
AGGTGGTGACCTTCGC-1,0.000151,0.089932,0.909917
AGGTGTATCGCCATGA-1,0.000051,0.012079,0.987871
AGGTGTTGCCGACCAC-1,0.000163,0.068914,0.930923
AGGTTACACCATGCCG-1,0.00002,0.00002,0.999959
AGGTTCTCCTTTCCGG-1,0.000104,0.000104,0.999791
AGGTTGAGGCACGCTT-1,0.001042,0.001042,0.997916
AGGTTTCACACACCTT-1,0.000029,0.013138,0.986833
AGTAACGTTCATCCTG-1,0.00087,0.00087,0.998261
AGTAACTATAGCAGCC-1,0.000021,0.995526,0.004453
AGTAAGGGACAGAATC-1,0.000297,0.725113,0.27459
AGTAATCTAAGGGTGG-1,0.000054,0.392064,0.607882
AGTAATGTCTTGCCGC-1,0.000137,0.045616,0.954247
AGTAATTTGCAAGCGT-1,0.000099,0.000099,0.999801
AGTACAGAAGCTTATA-1,0.000083,0.217885,0.782032
AGTACATCATTTATCA-1,0.000026,0.007094,0.992881
AGTACCTTCGAGTGCT-1,0.000066,0.000066,0.999868
AGTACGGCCCGTATCG-1,0.00038,0.00038,0.999239
AGTACGGGCACCTGGC-1,0.000338,0.36672,0.632942
AGTACGTGGCCTGTCT-1,0.002632,0.002632,0.994736
AGTACTCTTATGCCCA-1,0.000299,0.103765,0.895935
AGTAGAAGGCGCCTCA-1,0.000053,0.013883,0.986063
AGTAGCGTGAACGAAC-1,0.000329,0.000329,0.999342
AGTAGCTAGACGCCGA-1,0.001087,0.001087,0.997826
AGTAGGAAGGAAGTTG-1,0.000295,0.06621,0.933495
AGTAGGTAACATACAT-1,0.000476,0.079852,0.919672
AGTATAATACTAGGCA-1,0.000444,0.000445,0.999111
AGTATACACAGCGACA-1,0.000057,0.044391,0.955551
AGTATCCATAATAACG-1,0.001667,0.001667,0.996666
AGTATGCTGGAGACCA-1,0.000066,0.312975,0.686958
AGTATTTGGCACGACC-1,0.000037,0.075062,0.924901
AGTCAAATGATGTGAT-1,0.000045,0.057329,0.942627
AGTCAACACCACCATC-1,0.000021,0.003073,0.996906
AGTCAAGATGACACTT-1,0.000038,0.002822,0.99714
AGTCACTAGCTCTCGA-1,0.000234,0.032043,0.967723
AGTCACTCCGCCTCAT-1,0.000435,0.000435,0.99913
AGTCAGCCACCGCCTG-1,0.000443,0.000443,0.999115
AGTCCAGCGGGTACGT-1,0.001887,0.001887,0.996226
AGTCCATTGGCTGATG-1,0.000025,0.000025,0.999951
AGTCCCGCCTTTAATT-1,0.000617,0.000617,0.998765
