Barcode,Topic 1,Topic 2,Topic 3,Topic 4,Topic 5to8,Topic 9,Topic 10
AAACAACGAATAGTTC-1,0.003031,0.00303,0.789971,0.003031,0.012125,0.185781,0.003031
AAACAAGTATCTCCCA-1,0.000034,0.000034,0.000034,0.003991,0.691287,0.196081,0.108539
AAACAATCTACTAGCA-1,0.125413,0.000412,0.370423,0.447422,0.001647,0.054273,0.000412
AAACACCAATAACTGC-1,0.000935,0.000935,0.065287,0.000935,0.177393,0.75358,0.000935
AAACAGAGCGACTCCT-1,0.000281,0.000281,0.153032,0.000281,0.845563,0.000281,0.000281
AAACAGCTTTCAGAAG-1,0.00014,0.00014,0.643239,0.074774,0.000562,0.281003,0.00014
AAACAGGGTCTATATT-1,0.000127,0.000127,0.072656,0.000127,0.227801,0.541176,0.157984
AAACAGTGTTCCTGGG-1,0.029095,0.000111,0.000111,0.000111,0.308119,0.662081,0.000372
AAACATGGTGAGAGGA-1,0.000106,0.000106,0.033544,0.000106,0.402133,0.503258,0.060748
AAACATTTCCCGGATT-1,0.012854,0.000093,0.000093,0.00335,0.606516,0.224438,0.152656
AAACCCGAACGAAATC-1,0.045433,0.000032,0.009334,0.002731,0.67191,0.257338,0.013222
AAACCGGAAATGTTAA-1,0.000011,0.000011,0.017209,0.006369,0.912185,0.050302,0.013913
AAACCGGGTAGGTACC-1,0.153253,0.000088,0.321771,0.00081,0.129742,0.394248,0.000088
AAACCGTTCGTCCAGG-1,0.00006,0.00006,0.00006,0.00006,0.024874,0.368469,0.606418
AAACCTAAGCAGCCGG-1,0.021266,0.00003,0.020217,0.00003,0.740174,0.19432,0.023963
AAACCTCATGAAGTTG-1,0.000151,0.000151,0.318491,0.426765,0.000605,0.253685,0.000151
AAACGAAGATGGAGTA-1,0.000084,0.000084,0.000084,0.000084,0.393273,0.581243,0.025147
AAACGAGACGGTTGAT-1,0.001235,0.001235,0.001235,0.199477,0.29274,0.455258,0.048821
AAACGGGCGTACGGGT-1,0.011281,0.000025,0.020802,0.000025,0.801951,0.077973,0.087944
AAACGGGTTGGTATCC-1,0.0437,0.002273,0.938114,0.002274,0.009093,0.002273,0.002273
AAACGGTTGCGAACTG-1,0.000093,0.000093,0.036473,0.000093,0.569114,0.34291,0.051223
AAACTCGGTTCGCAAT-1,0.147138,0.00024,0.105155,0.00024,0.205384,0.505521,0.036323
AAACTCGTGATATAAG-1,0.095966,0.001137,0.001137,0.001137,0.004547,0.894941,0.001137
AAACTGCTGGCTCCAA-1,0.001042,0.001042,0.09746,0.001042,0.193427,0.704945,0.001042
AAACTTAATTGCACGC-1,0.000667,0.000667,0.000667,0.000667,0.002667,0.993999,0.000667
AAACTTGCAAACGTAT-1,0.000145,0.000145,0.068274,0.000145,0.09528,0.666317,0.169694
AAAGAATGACCTTAGA-1,0.000214,0.000214,0.078593,0.000214,0.303973,0.616577,0.000214
AAAGAATGTGGACTAA-1,0.000014,0.000014,0.006443,0.000014,0.907125,0.035456,0.050934
AAAGACATGAAGTTTA-1,0.108002,0.000355,0.000355,0.000355,0.322318,0.276605,0.292011
AAAGACCCAAGTCGCG-1,0.000051,0.000051,0.847587,0.077216,0.05055,0.024493,0.000051
AAAGACTGGGCGCTTT-1,0.000137,0.000137,0.451625,0.393401,0.04525,0.109313,0.000137
AAAGCTTGCCTACATA-1,0.000132,0.000132,0.000132,0.124933,0.000529,0.385179,0.488962
AAAGGCCCTATAATAC-1,0.000294,0.000294,0.000294,0.000294,0.120365,0.878164,0.000294
AAAGGCTACGGACCAT-1,0.18163,0.000292,0.038206,0.000292,0.102473,0.676814,0.000292
AAAGGCTCTCGCGCCG-1,0.000337,0.000337,0.047962,0.000337,0.051838,0.799387,0.099802
AAAGGGATGTAGCAAG-1,0.000047,0.000047,0.025512,0.000047,0.327645,0.079544,0.567156
AAAGGGCAGCTTGAAT-1,0.000163,0.000163,0.000164,0.735888,0.118255,0.10012,0.045246
AAAGGTAAGCTGTACC-1,0.027007,0.00037,0.458021,0.120547,0.151778,0.241907,0.00037
AAAGTAGCATTGCTCA-1,0.000098,0.000098,0.000098,0.000098,0.662032,0.205481,0.132096
AAAGTCGACCCTCAGT-1,0.000111,0.000111,0.469868,0.386774,0.084842,0.058182,0.000111
AAAGTGCCATCAATTA-1,0.00004,0.00004,0.016467,0.013279,0.858904,0.095416,0.015854
AAAGTGTGATTTATCT-1,0.000119,0.000119,0.000119,0.000119,0.388779,0.610465,0.000282
AAAGTTGACTCCCGTA-1,0.00004,0.00004,0.056928,0.00004,0.801015,0.124139,0.017797
AAATAACCATACGGGA-1,0.000388,0.000388,0.000388,0.029012,0.019233,0.802456,0.148135
AAATAAGGTAGTGCCC-1,0.001471,0.001471,0.001471,0.001471,0.198302,0.794343,0.001471
AAATACCTATAAGCAT-1,0.000274,0.000274,0.000274,0.008853,0.739354,0.156742,0.094228
AAATAGCTTAGACTTT-1,0.000039,0.000039,0.000039,0.006697,0.813865,0.087219,0.092101
AAATAGGGTGCTATTG-1,0.029831,0.000055,0.104857,0.000055,0.700156,0.074962,0.090085
AAATCCGATACACGCC-1,0.003496,0.000034,0.000034,0.000034,0.739871,0.255186,0.001346
AAATCGCGGAAGGAGT-1,0.000114,0.000114,0.071319,0.000114,0.221576,0.706647,0.000114
AAATCGTGTACCACAA-1,0.000147,0.000147,0.023246,0.000147,0.000588,0.663674,0.31205
AAATCTAGCCCTGCTA-1,0.000076,0.000076,0.000076,0.000076,0.572467,0.41741,0.009817
AAATCTGCCCGCGTCC-1,0.0001,0.0001,0.0001,0.0001,0.480576,0.518922,0.0001
AAATGATTCGATCAGC-1,0.190262,0.001755,0.097034,0.001755,0.106651,0.297369,0.305174
AAATGCTCGTTACGTT-1,0.000218,0.000218,0.461538,0.400655,0.050925,0.086227,0.000218
AAATGGCATGTCTTGT-1,0.000141,0.000141,0.038302,0.268152,0.1083,0.467183,0.11778
AAATGGCCCGTGCCCT-1,0.000184,0.000184,0.24745,0.000184,0.092152,0.659661,0.000184
AAATGGTCAATGTGCC-1,0.00025,0.00025,0.00025,0.00025,0.001,0.997749,0.00025
AAATGTATCTTATCCC-1,0.000073,0.000073,0.501806,0.030546,0.434761,0.032668,0.000073
AAATGTGGGTGCTCCT-1,0.134977,0.00011,0.441462,0.1927,0.230531,0.00011,0.00011
AAATTAACGGGTAGCT-1,0.000901,0.000901,0.000901,0.002194,0.003605,0.990597,0.000901
AAATTAATAAGCGCGA-1,0.000018,0.000018,0.164593,0.015188,0.725832,0.000018,0.094333
AAATTACACGACTCTG-1,0.000107,0.000107,0.000107,0.000107,0.226183,0.022087,0.7513
AAATTACCTATCGATG-1,0.179816,0.001515,0.129283,0.001516,0.006062,0.680292,0.001516
AAATTCCAGGTCCAAA-1,0.000024,0.000024,0.000024,0.018624,0.845288,0.118655,0.017361
AAATTGATAGTCCTTT-1,0.000075,0.000075,0.000075,0.000075,0.697625,0.125265,0.176811
AAATTGCGGCGGTTCT-1,0.002704,0.002703,0.311242,0.002703,0.010813,0.667131,0.002703
AAATTTACCGAAATCC-1,0.000258,0.000258,0.308514,0.000258,0.035612,0.654841,0.000258
AAATTTGCGGGTGTGG-1,0.000163,0.000163,0.082285,0.000163,0.000651,0.916414,0.000163
AACAACTGGTAGTTGC-1,0.052147,0.000165,0.010845,0.4128,0.101484,0.422395,0.000165
AACAATACATTGTCGA-1,0.053898,0.000463,0.000463,0.000463,0.282746,0.661503,0.000463
AACAATTACTCTACGC-1,0.000158,0.000157,0.000158,0.83941,0.131162,0.000158,0.028797
AACACACGCTCGCCGC-1,0.000058,0.000058,0.000058,0.000058,0.577706,0.418744,0.003318
AACACGACTGTACTGA-1,0.000051,0.000051,0.822842,0.032535,0.031658,0.083009,0.029853
AACACGAGACGCGGCC-1,0.000098,0.000098,0.052845,0.000098,0.529051,0.36569,0.05212
AACACGCGGCCGCGAA-1,0.175351,0.00125,0.275538,0.00125,0.005001,0.540358,0.00125
AACAGCTGTGTGGCAA-1,0.002929,0.000145,0.07029,0.000145,0.593956,0.327619,0.004916
AACAGGAAATCGAATA-1,0.033247,0.000082,0.045839,0.236091,0.241686,0.370212,0.072844
AACAGGATGGGCCGCG-1,0.000181,0.000181,0.133832,0.613526,0.148403,0.032633,0.071244
AACAGGTAGTATGGAT-1,0.00002,0.00002,0.00002,0.00002,0.949314,0.035689,0.014918
AACATAGCGTGTATCG-1,0.000026,0.000026,0.000026,0.000026,0.830227,0.09966,0.070009
AACATATCAACTGGTG-1,0.229095,0.00164,0.00164,0.00164,0.408392,0.355954,0.00164
AACATTGAAGTTGATC-1,0.00008,0.00008,0.00008,0.00008,0.715943,0.192043,0.091693
AACATTGGTCAGCCGT-1,0.321663,0.003704,0.240739,0.003705,0.014819,0.411664,0.003705
AACATTGTGACTCGAG-1,0.00034,0.00034,0.00034,0.00034,0.260928,0.737371,0.00034
AACCAAGACTTCTCTG-1,0.000154,0.000154,0.186068,0.603856,0.07239,0.137225,0.000154
AACCAGTATCACTCTT-1,0.092554,0.001334,0.001334,0.001334,0.222104,0.680007,0.001334
AACCATAGGGTTGAAC-1,0.000455,0.000455,0.031672,0.000455,0.001819,0.96469,0.000455
AACCATGGGATCGCTA-1,0.000127,0.000127,0.669195,0.141674,0.077508,0.051409,0.059958
AACCCAGAGACGGAGA-1,0.000071,0.000071,0.858045,0.141016,0.000283,0.000443,0.000071
AACCCATCCCATGATC-1,0.000505,0.000505,0.114496,0.000505,0.265699,0.540861,0.077429
AACCCGACAACCCGTG-1,0.000169,0.000169,0.041781,0.000169,0.193775,0.763767,0.000169
AACCCGAGCAGAATCG-1,0.010912,0.000033,0.010112,0.004346,0.943576,0.00629,0.02473
AACCCGCTGTATTCCA-1,0.022357,0.000093,0.000093,0.082672,0.534472,0.350069,0.010244
AACCCTACTGTCAATA-1,0.000097,0.000097,0.114746,0.006233,0.43261,0.422866,0.023351
AACCCTGGTGGAACCA-1,0.000044,0.000044,0.785064,0.000059,0.052809,0.10639,0.055591
AACCGAGCTTGGTCAT-1,0.000094,0.000094,0.02112,0.053171,0.548848,0.295751,0.080922
AACCGCTAAGGGATGC-1,0.000059,0.000059,0.000059,0.000059,0.564928,0.425341,0.009495
AACCGTTGTGTTTGCT-1,0.000096,0.000096,0.941556,0.000096,0.000384,0.000096,0.057676
AACCTAAAGCCGTCCG-1,0.000087,0.000087,0.673468,0.000087,0.131853,0.137149,0.057267
AACCTCGCTTTAGCCC-1,0.000107,0.000107,0.000107,0.000107,0.450645,0.247309,0.301617
AACCTGTCACGGAATT-1,0.000047,0.000047,0.000047,0.011407,0.707215,0.179519,0.101718
AACCTTTAAATACGGT-1,0.134403,0.000459,0.000459,0.164658,0.107686,0.591877,0.000459
AACCTTTACGACGTCT-1,0.002128,0.002128,0.196043,0.002128,0.008513,0.786931,0.002128
AACGAAAGTCGTCCCA-1,0.000083,0.000083,0.001175,0.000083,0.156693,0.807194,0.034689
AACGACCTCCTAGCCG-1,0.000069,0.000069,0.004606,0.005574,0.723104,0.261794,0.004782
AACGATAATGCCGTAG-1,0.000377,0.000377,0.04975,0.000377,0.152322,0.796418,0.000377
AACGATAGAAGGGCCG-1,0.000095,0.000095,0.801036,0.054587,0.000382,0.143709,0.000095
AACGATATGTCAACTG-1,0.041351,0.00031,0.023674,0.00031,0.001239,0.932697,0.000419
AACGCATGATCTGGGT-1,0.003705,0.003704,0.003705,0.003705,0.014819,0.966657,0.003705
AACGCGAACGGCAACA-1,0.147653,0.001695,0.420309,0.42017,0.006781,0.001695,0.001695
AACGCGACCTTGGGCG-1,0.000205,0.000205,0.000205,0.083763,0.111727,0.803689,0.000205
AACGCGGTCTCCAGCC-1,0.039295,0.000208,0.095275,0.000208,0.000832,0.863974,0.000208
AACGCTGTTGCTGAAA-1,0.000081,0.000081,0.000081,0.000081,0.507575,0.470073,0.022027
AACGGACGTACGTATA-1,0.000033,0.000033,0.000033,0.004326,0.829846,0.149697,0.016032
AACGGCCATCTCCGGT-1,0.022827,0.000217,0.000217,0.000217,0.000868,0.924747,0.050907
AACGTACTGTGGGTAC-1,0.000184,0.000184,0.15738,0.130381,0.000736,0.684455,0.026682
AACGTAGTCTACCCAT-1,0.114686,0.003847,0.003847,0.487007,0.178326,0.20844,0.003847
AACGTCAGACTAGTGG-1,0.00017,0.00017,0.00017,0.68334,0.130388,0.167664,0.018099
AACGTCGCTGCACTTC-1,0.000022,0.000022,0.000022,0.000022,0.964113,0.021747,0.014052
AACGTGATGAAGGACA-1,0.000714,0.000714,0.000715,0.108287,0.002858,0.885997,0.000715
AACGTGCGAAAGTCTC-1,0.1634,0.001667,0.001667,0.001667,0.006669,0.823263,0.001667
AACTACCCGTTTGTCA-1,0.000079,0.000079,0.000079,0.000079,0.499078,0.489823,0.010783
AACTAGCGTATCGCAC-1,0.036593,0.000595,0.48014,0.000595,0.002382,0.4791,0.000595
AACTAGGCTTGGGTGT-1,0.108675,0.000463,0.21659,0.000463,0.162662,0.44263,0.068516
AACTCAAGTTAATTGC-1,0.000065,0.000065,0.018052,0.038538,0.141282,0.417417,0.384582
AACTCCAGAGCGTGTT-1,0.000128,0.000128,0.000128,0.000128,0.72407,0.129254,0.146164
AACTCCTAATCCCATG-1,0.001853,0.001852,0.250115,0.001852,0.00741,0.423839,0.313079
AACTCGATAAACACGT-1,0.002704,0.002703,0.379737,0.002704,0.010814,0.598635,0.002703
AACTCGATGGCGCAGT-1,0.109699,0.000213,0.553597,0.106615,0.000853,0.228808,0.000213
AACTCTCAATAGAGCG-1,0.000182,0.000182,0.000182,0.000182,0.714897,0.14446,0.139916
AACTCTCAGTGTGCTC-1,0.000129,0.000129,0.041717,0.000129,0.000516,0.728833,0.228547
AACTGATATTAGGCCT-1,0.000192,0.000192,0.000192,0.415867,0.000769,0.582594,0.000192
AACTGGGTCCCGACGT-1,0.020962,0.000075,0.181459,0.000075,0.524035,0.234808,0.038587
AACTGGGTTCGAGCCG-1,0.050535,0.000369,0.00085,0.000369,0.001476,0.946031,0.000369
AACTGGTGTGGGCCTT-1,0.000095,0.000095,0.999142,0.000095,0.000381,0.000095,0.000095
AACTTGCCCGTATGCA-1,0.00018,0.00018,0.00018,0.73993,0.00072,0.222612,0.036199
AACTTGCGTTCTCGCG-1,0.000136,0.000136,0.906754,0.000136,0.000544,0.092159,0.000136
AACTTTACGGGAGCTT-1,0.000052,0.000052,0.179907,0.038532,0.701936,0.000052,0.079469
AACTTTAGCTGCTGAG-1,0.120668,0.000117,0.778264,0.000117,0.000467,0.10025,0.000117
AAGAAAGTTTGATGGG-1,0.000072,0.000072,0.000072,0.000072,0.020708,0.978933,0.000072
AAGAAGGATCAGTTAG-1,0.000115,0.000115,0.828271,0.086097,0.034835,0.050452,0.000115
AAGACATACGTGGTTT-1,0.000035,0.000035,0.000035,0.010986,0.928942,0.000035,0.059931
AAGACCAAATAACTCA-1,0.000048,0.000048,0.078154,0.005577,0.30606,0.599176,0.010937
AAGACCCAACTGAACA-1,0.000072,0.000072,0.000072,0.000072,0.732616,0.267024,0.000072
AAGACTAACCCGTTGT-1,0.00345,0.003448,0.346494,0.003449,0.013795,0.625914,0.003449
AAGACTCACGCCCACT-1,0.000253,0.000253,0.000253,0.142526,0.661854,0.07803,0.116832
AAGACTGCAAGCTACT-1,0.000521,0.000521,0.000521,0.000521,0.340918,0.656478,0.000521
AAGAGATGAATCGGTA-1,0.030061,0.000177,0.021202,0.792342,0.063388,0.092653,0.000177
AAGAGCTCTTTATCGG-1,0.038725,0.000146,0.000146,0.000146,0.92019,0.000146,0.040501
AAGAGGATGTACGCGA-1,0.000256,0.000256,0.148893,0.222064,0.001026,0.627248,0.000256
AAGAGGCATGGATCGC-1,0.001539,0.001539,0.001539,0.001539,0.206337,0.68024,0.107267
AAGAGGCCCTTTGGAA-1,0.000128,0.000128,0.000128,0.000128,0.710589,0.28877,0.000128
AAGATGGCACCGGACC-1,0.000244,0.000244,0.000244,0.000244,0.267641,0.718559,0.012824
AAGATTGGCGGAACGT-1,0.002942,0.002941,0.341097,0.287321,0.011767,0.350991,0.002942
AAGCACCCTGCGTATC-1,0.057343,0.00084,0.000841,0.000841,0.003362,0.923026,0.013748
AAGCATACTCTCCTGA-1,0.076056,0.000204,0.085015,0.000204,0.466724,0.225623,0.146174
AAGCCACTTGCAGGTA-1,0.000062,0.000062,0.050932,0.000062,0.443242,0.505578,0.000062
AAGCCGAAGCGGTTTA-1,0.000032,0.000032,0.000032,0.000032,0.868634,0.11618,0.01506
AAGCCGCCGTGAAATC-1,0.058874,0.000095,0.039186,0.000095,0.702071,0.191391,0.008288
AAGCCGGAGAGCAGGA-1,0.000029,0.000029,0.000029,0.000029,0.890189,0.005461,0.104235
AAGCGCAGGGCTTTGA-1,0.000094,0.000094,0.000094,0.105419,0.485621,0.225407,0.18327
AAGCGGCGTCATGGGT-1,0.005001,0.005002,0.005001,0.005001,0.020004,0.954989,0.005002
AAGCGTCCCTCATCGA-1,0.000093,0.000093,0.044442,0.000093,0.955093,0.000093,0.000093
AAGCTAGATCGAGTAA-1,0.000447,0.000446,0.082372,0.000447,0.001786,0.914055,0.000447
AAGCTCGTGCCAAGTC-1,0.000662,0.000662,0.000662,0.054472,0.428777,0.000662,0.514101
AAGCTCTTTCATGGTG-1,0.000113,0.000113,0.000113,0.000113,0.487467,0.314744,0.197337
AAGGAGAACTTATAAG-1,0.084678,0.000123,0.813514,0.033574,0.00049,0.067499,0.000123
AAGGAGCGGTTGGTGC-1,0.000196,0.000196,0.065127,0.014567,0.159697,0.760022,0.000196
AAGGATCGATCGCTTG-1,0.000061,0.000061,0.000061,0.000061,0.611542,0.344706,0.043509
AAGGATGAGGGACCTC-1,0.153955,0.0025,0.333939,0.002501,0.300509,0.204096,0.002501
AAGGCAGGCTGTCTCC-1,0.000049,0.000049,0.01738,0.001842,0.694719,0.21391,0.072052
AAGGCGCGTAAAGCTT-1,0.021886,0.000136,0.084196,0.566042,0.022198,0.305407,0.000136
AAGGCTGTGCTCATCG-1,0.000225,0.000225,0.117161,0.009937,0.000901,0.871326,0.000225
AAGGGAACGACTGGCT-1,0.000117,0.000117,0.000117,0.000117,0.790094,0.192314,0.017125
AAGGGACAGATTCTGT-1,0.002274,0.002273,0.002273,0.002273,0.009094,0.97954,0.002273
AAGGGACTATGCATTC-1,0.000524,0.000524,0.000524,0.000524,0.356348,0.436239,0.205318
AAGGGTTTGATTTCAG-1,0.000175,0.000175,0.170843,0.000175,0.141078,0.687377,0.000175
AAGGTATCCTAATATA-1,0.00087,0.00087,0.048084,0.00087,0.286477,0.66196,0.00087
AAGGTGATAAACCAGC-1,0.017018,0.000029,0.006883,0.00192,0.954832,0.015894,0.003423
AAGTAAGCTTCCAAAC-1,0.228315,0.002041,0.41365,0.002041,0.008166,0.343746,0.002041
AAGTAGAAGACCGGGT-1,0.000132,0.000132,0.349215,0.454997,0.048312,0.140476,0.006736
AAGTAGTGACGCGAGG-1,0.078797,0.00015,0.265748,0.400917,0.023705,0.230533,0.00015
AAGTCAATTGTCGTCA-1,0.000058,0.000058,0.000058,0.00839,0.679902,0.272641,0.038895
AAGTCTTCTGTGGCCT-1,0.000179,0.000179,0.127749,0.209748,0.369715,0.283906,0.008524
AAGTGACGACCGAATT-1,0.000191,0.00019,0.245276,0.000191,0.000762,0.7532,0.000191
AAGTGAGTCGGGTTTA-1,0.000725,0.000725,0.000725,0.04342,0.002899,0.950782,0.000725
AAGTGCAAAGGTAGAC-1,0.000211,0.000211,0.150579,0.594346,0.101613,0.15283,0.000211
AAGTGCCTTGACTGTA-1,0.000648,0.000025,0.019187,0.000025,0.912296,0.055428,0.012392
AAGTGCGTTAGAATCT-1,0.000122,0.000122,0.019632,0.011642,0.336178,0.632183,0.000122
AAGTGCTTCTCTATTG-1,0.000186,0.000186,0.000186,0.000186,0.199074,0.799995,0.000186
AAGTGTTTGGAGACGG-1,0.000131,0.000131,0.059142,0.033501,0.553373,0.353592,0.000131
AAGTTCACTCCAAGCT-1,0.000073,0.000073,0.000073,0.025343,0.685932,0.250454,0.038053
AAGTTCAGTCTGCGTA-1,0.183799,0.002174,0.002175,0.002174,0.237164,0.570339,0.002175
AAGTTCGGCCAACAGG-1,0.064683,0.000259,0.000259,0.000259,0.001037,0.933244,0.000259
AAGTTGTGATGTTATA-1,0.000035,0.000035,0.000035,0.000035,0.907638,0.049781,0.042442
AAGTTTACTAATGGCA-1,0.00009,0.00009,0.800947,0.00009,0.063873,0.107433,0.027477
AAGTTTATGGGCCCAA-1,0.062067,0.000113,0.127474,0.000113,0.117375,0.692744,0.000113
AATAACAACGCTCGGC-1,0.000159,0.000159,0.000159,0.731496,0.000635,0.248861,0.018532
AATAACACTAGAACAA-1,0.12372,0.000125,0.080527,0.062701,0.190333,0.248195,0.294398
AATAAGTCCTCGAGAC-1,0.000037,0.000037,0.881744,0.003349,0.027802,0.000037,0.086994
AATAATCTTCGTATCG-1,0.000013,0.000013,0.000013,0.006053,0.993884,0.000013,0.000013
AATACAATGTTTCAGG-1,0.000253,0.000253,0.246387,0.559296,0.001013,0.192545,0.000253
AATACCGGAGGGCTGT-1,0.101327,0.000255,0.055368,0.000255,0.187302,0.655238,0.000255
AATACCTGATGTGAAC-1,0.000017,0.000017,0.006221,0.001637,0.905033,0.0648,0.022275
AATAGAACAGAGTGGC-1,0.000049,0.000049,0.000049,0.000049,0.057222,0.03072,0.911863
AATAGAATCTGTTTCA-1,0.000053,0.000053,0.000053,0.000053,0.796014,0.197162,0.006611
AATAGCTACCGCGTGC-1,0.113196,0.001667,0.122517,0.001667,0.006669,0.752616,0.001667
AATAGTCCGTCCCGAC-1,0.141936,0.000405,0.000405,0.000405,0.501908,0.354536,0.000405
AATATCAAGGTCGGAT-1,0.001017,0.000142,0.947485,0.050505,0.000568,0.000142,0.000142
AATATCCTAGCAAACT-1,0.000078,0.000078,0.508089,0.027294,0.048655,0.415655,0.000149
AATATCGAATCAATGC-1,0.000034,0.000034,0.006688,0.000034,0.796852,0.098363,0.097997
AATATCGAGGGTTCTC-1,0.232569,0.002565,0.002565,0.059006,0.238169,0.462561,0.002565
AATATTGGAGTATTGA-1,0.000277,0.000277,0.316279,0.515034,0.001108,0.166747,0.000277
AATCAGACTGCAGGAC-1,0.281309,0.004,0.004001,0.563158,0.139529,0.004001,0.004001
AATCAGGTTTCATTTA-1,0.000441,0.000441,0.000441,0.000441,0.056394,0.941402,0.000441
AATCATGTAAAGACTC-1,0.000066,0.000066,0.000066,0.000066,0.640864,0.346777,0.012095
AATCCAAGGGCCTGAG-1,0.00009,0.00009,0.740639,0.223759,0.000359,0.034975,0.00009
AATCCATGCAAGGGTG-1,0.227807,0.001613,0.565251,0.001613,0.006454,0.195648,0.001613
AATCGCCTCAGCGCCA-1,0.084274,0.000386,0.176125,0.000386,0.284763,0.453679,0.000386
AATCGCGCAGAGGACT-1,0.000045,0.000045,0.012186,0.000045,0.759696,0.212977,0.015007
AATCGGTATAGCCCTC-1,0.000056,0.000056,0.029443,0.000056,0.707841,0.237636,0.024912
AATCGTGAGCCGAGCA-1,0.000032,0.000032,0.000032,0.007357,0.651345,0.061984,0.279217
AATCTAGGTTTACTTG-1,0.000368,0.000368,0.088517,0.000368,0.182147,0.727865,0.000368
AATCTATGCCGGAGCC-1,0.002381,0.002381,0.002381,0.002382,0.306987,0.681106,0.002382
AATCTCTACTGTGGTT-1,0.00029,0.00029,0.285724,0.360462,0.191492,0.161452,0.00029
AATCTGCGTTGGGACG-1,0.232437,0.000236,0.059858,0.000236,0.375483,0.331514,0.000236
AATCTGGCTTTCTAGT-1,0.000112,0.000112,0.050944,0.000112,0.835129,0.110237,0.003352
AATCTGGGTAGACCCT-1,0.000162,0.000162,0.496924,0.057843,0.247354,0.136299,0.061254
AATGACAGCAATGTCT-1,0.000211,0.000211,0.187542,0.000211,0.021154,0.790462,0.000211
AATGACGTAGGATGTC-1,0.000827,0.000826,0.155376,0.000827,0.252883,0.588434,0.000827
AATGACTGTCAGCCGG-1,0.00015,0.00015,0.00015,0.67406,0.000601,0.324738,0.00015
AATGAGTTCGCATATG-1,0.000151,0.000151,0.815631,0.000151,0.056199,0.072633,0.055083
AATGATGATACGCTAT-1,0.002703,0.002704,0.002704,0.002704,0.010814,0.975668,0.002704
AATGATGCGACTCCTG-1,0.005265,0.005264,0.035564,0.005265,0.021059,0.922319,0.005265
AATGCAACCGGGTACC-1,0.000127,0.000127,0.000127,0.126959,0.000508,0.852202,0.019949
AATGCACCAAGCAATG-1,0.357234,0.002564,0.002565,0.002565,0.01026,0.622247,0.002565
AATGGTCCACCGTTCA-1,0.000056,0.000056,0.863326,0.125343,0.011108,0.000056,0.000056
AATGGTTCTCACAAGC-1,0.000157,0.000157,0.68586,0.198091,0.000627,0.114951,0.000157
AATGTATGGCACTGTA-1,0.000138,0.000138,0.000138,0.000138,0.763424,0.235884,0.000138
AATGTGCCCGAGGTGT-1,0.000426,0.000426,0.045656,0.000426,0.191722,0.603996,0.157349
AATGTGCTAATCTGAG-1,0.001053,0.001053,0.001053,0.001053,0.207619,0.787117,0.001053
AATGTTAAGACCCTGA-1,0.000017,0.000017,0.000017,0.000017,0.982109,0.001752,0.01607
AATGTTGTCGTGAGAC-1,0.00004,0.00004,0.004566,0.00004,0.814164,0.065535,0.115615
AATTAAAGGTCGGCGT-1,0.033433,0.000076,0.000076,0.030544,0.273637,0.027327,0.634907
AATTAACGGATTTCCA-1,0.000154,0.000154,0.035505,0.000154,0.778804,0.180943,0.004286
AATTACGAGACCCATC-1,0.000262,0.000262,0.000262,0.000262,0.038749,0.959942,0.000262
AATTACTCGTACGCTC-1,0.092063,0.001724,0.476441,0.308271,0.006899,0.001725,0.112877
AATTAGCGCTGCAGCG-1,0.000585,0.000585,0.000585,0.000585,0.00234,0.994735,0.000585
AATTATACCCAGCAAG-1,0.000027,0.000027,0.010147,0.000611,0.901964,0.000656,0.086567
AATTCATAAGGGATCT-1,0.177528,0.003334,0.319325,0.003334,0.23052,0.262624,0.003334
AATTCATTGTCATGCA-1,0.0004,0.0004,0.076539,0.0004,0.297851,0.62401,0.0004
AATTCCAACTTGGTGA-1,0.012275,0.002703,0.603128,0.002703,0.07091,0.305577,0.002703
AATTCCAAGCATGTAC-1,0.000141,0.000141,0.052713,0.000141,0.41199,0.534731,0.000141
AATTCGATTCGAGGAT-1,0.0826,0.000055,0.039305,0.000055,0.856519,0.000055,0.021412
AATTCTAGAGTTAGGC-1,0.058498,0.000518,0.236608,0.012186,0.184268,0.507404,0.000518
AATTGAACGCTCTGGT-1,0.000277,0.000277,0.000277,0.000277,0.335456,0.662502,0.000934
AATTGCAGCAATCGAC-1,0.00003,0.00003,0.00003,0.00003,0.731814,0.188512,0.079555
AATTGCGTGGATTACA-1,0.000326,0.000326,0.215309,0.000326,0.454602,0.328786,0.000326
AATTGTGGTTGCCAAA-1,0.000036,0.000036,0.000036,0.000036,0.914404,0.032011,0.053441
AATTTGGGACATAGTA-1,0.001924,0.001923,0.001924,0.001924,0.007695,0.982687,0.001924
AATTTGGTTCCAAAGA-1,0.000097,0.000097,0.5736,0.199159,0.03599,0.107062,0.083995
ACAAACCATGCGTCCT-1,0.000449,0.000448,0.000449,0.000449,0.11777,0.879987,0.000449
ACAAACCGACAAGGCG-1,0.000061,0.000061,0.887001,0.000061,0.049893,0.04864,0.014285
ACAAAGAAGGTAGGCC-1,0.000067,0.000067,0.683276,0.077663,0.03861,0.200251,0.000067
ACAAAGCATGACCTAG-1,0.000036,0.000036,0.000815,0.000036,0.89052,0.093272,0.015285
ACAAATCGCACCGAAT-1,0.032717,0.000037,0.029163,0.000037,0.701915,0.208801,0.027331
ACAAATGGTAGTGTTT-1,0.000171,0.000171,0.000171,0.000171,0.209555,0.682683,0.107078
ACAACAGCATGAGCTA-1,0.181618,0.000662,0.000662,0.000662,0.240514,0.575218,0.000662
ACAACGGTCCCTGCGA-1,0.019232,0.000165,0.058921,0.662989,0.139263,0.000165,0.119264
ACAAGCAGTGCCTAGC-1,0.000125,0.000125,0.097288,0.501514,0.188548,0.172424,0.039976
ACAAGCTATATGGAAG-1,0.00002,0.00002,0.101515,0.051216,0.798552,0.00002,0.048656
ACAAGGAAATCCGCCC-1,0.00087,0.00087,0.00087,0.00087,0.003479,0.992172,0.00087
ACAAGGACAAGAGGTT-1,0.043892,0.000153,0.056075,0.406237,0.000613,0.492876,0.000153
ACAAGGATGCTTTAGG-1,0.000063,0.000063,0.01922,0.000063,0.837019,0.105189,0.038382
ACAAGGGCAGGCTCTG-1,0.194222,0.37324,0.000714,0.000714,0.002858,0.427536,0.000715
ACAATAGTCGTACGTT-1,0.0274,0.000166,0.374505,0.000166,0.0881,0.482403,0.02726
ACAATCCATTTAAACC-1,0.000137,0.000137,0.049717,0.534614,0.067309,0.34795,0.000137
ACAATCGATCTTTATA-1,0.000091,0.000091,0.831117,0.081744,0.086773,0.000091,0.000091
ACAATGAATACGGAGA-1,0.034158,0.000122,0.044297,0.009402,0.708498,0.203401,0.000122
ACAATTGTGTCTCTTT-1,0.000053,0.000053,0.001294,0.000053,0.720259,0.13003,0.148258
ACAATTTAGGAGGCTC-1,0.00007,0.00007,0.737664,0.065489,0.077925,0.027937,0.090844
ACAATTTGAGCAGTGG-1,0.312744,0.003125,0.181789,0.003126,0.012504,0.483586,0.003126
ACACAAAGACGGGTGG-1,0.000235,0.000235,0.081405,0.037095,0.000941,0.879853,0.000235
ACACACCAGGACCAGT-1,0.000038,0.000038,0.000038,0.000038,0.884854,0.112297,0.002696
ACACACTTTCTACACG-1,0.000168,0.000168,0.272461,0.43215,0.000672,0.294212,0.000168
ACACATGATCAAATCT-1,0.147799,0.0008,0.0008,0.0008,0.003201,0.845799,0.0008
ACACATTGACGCAACA-1,0.001031,0.001031,0.5215,0.001031,0.004125,0.470251,0.001031
ACACATTTCCGTAGAC-1,0.105568,0.000137,0.036161,0.000137,0.407063,0.418972,0.031962
ACACCACATAATTAGC-1,0.001042,0.001042,0.001042,0.001042,0.226039,0.216774,0.553019
ACACCCAGCATGCAGC-1,0.016907,0.000259,0.105832,0.215829,0.001037,0.659876,0.000259
ACACCCGAGAAATCCG-1,0.000054,0.000054,0.999516,0.000054,0.000215,0.000054,0.000054
ACACCGAGCGCTCTTT-1,0.000183,0.000183,0.756656,0.000183,0.000731,0.241882,0.000183
ACACCGGTCTGACCGC-1,0.000115,0.000115,0.000116,0.000116,0.611628,0.387795,0.000116
ACACCTTAAGTAGGGC-1,0.000168,0.000168,0.076872,0.294726,0.123326,0.50457,0.000168
ACACCTTACTACTTGC-1,0.000057,0.000057,0.000057,0.000057,0.504715,0.446177,0.048882
ACACGAGACTCCTTCT-1,0.078814,0.001205,0.001205,0.001205,0.004821,0.911544,0.001205
ACACGGCACTATGCAT-1,0.000056,0.000056,0.863079,0.003762,0.000225,0.058873,0.073948
ACACGGGAACTTAGGG-1,0.000357,0.000357,0.000357,0.000357,0.001429,0.996785,0.000357
ACACGTAGGCCACAAG-1,0.000071,0.000071,0.000071,0.035399,0.759595,0.055899,0.148893
ACACTGATCAAGGTGT-1,0.039228,0.000197,0.000197,0.000197,0.336402,0.355137,0.268642
ACACTGGGACAGTCGT-1,0.000095,0.000095,0.000095,0.000095,0.762145,0.143817,0.093659
ACAGAACTGAGAACAA-1,0.020144,0.000062,0.008371,0.007695,0.778788,0.087401,0.097537
ACAGCATAGAGCCAGT-1,0.000076,0.000076,0.995708,0.003684,0.000304,0.000076,0.000076
ACAGCGACATTCTCAT-1,0.000087,0.000087,0.000087,0.000087,0.935116,0.059232,0.005302
ACAGCGCACCCGCAGC-1,0.000113,0.000113,0.031706,0.000113,0.100802,0.603021,0.264132
ACAGGAGGCGCAGCCG-1,0.140184,0.000437,0.728734,0.000437,0.001747,0.128024,0.000437
ACAGGCACGGATCCTT-1,0.000057,0.000057,0.009714,0.000057,0.744738,0.222966,0.022412
ACAGGCTTGCCCGACT-1,0.000057,0.000057,0.063889,0.005069,0.562953,0.275815,0.09216
ACAGGTGGAGGTGAGG-1,0.044727,0.000167,0.000167,0.000167,0.000668,0.953937,0.000167
ACAGGTGTGTTGTTGC-1,0.000032,0.000032,0.166877,0.022672,0.7274,0.02801,0.054978
ACAGTAATACAACTTG-1,0.000124,0.000124,0.03761,0.037568,0.246275,0.544411,0.133889
ACATAAGTCGTGGTGA-1,0.00015,0.00015,0.019834,0.00015,0.343095,0.596595,0.040026
ACATAATAAGGCGGTG-1,0.096289,0.000228,0.111087,0.388542,0.000914,0.402713,0.000228
ACATCAGCTGGGACGC-1,0.000145,0.000145,0.585265,0.217486,0.0974,0.071767,0.027793
ACATCCCGGCCATACG-1,0.000981,0.00098,0.000981,0.272926,0.195664,0.527487,0.000981
ACATCCTGGTAACTGT-1,0.082265,0.000061,0.000061,0.000061,0.660305,0.245567,0.01168
ACATCGATCGTTTACC-1,0.106814,0.000709,0.000709,0.000709,0.002838,0.887511,0.000709
ACATCGGTCAGCCGCG-1,0.000329,0.000329,0.100932,0.145663,0.001316,0.690766,0.060665
ACATCGTATGCAATGG-1,0.000585,0.000585,0.000585,0.000585,0.408708,0.588367,0.000585
ACATCGTTAACCTAGT-1,0.023966,0.000163,0.200031,0.000163,0.039857,0.473776,0.262045
ACATCTCAACGCGTAA-1,0.00004,0.00004,0.889516,0.00004,0.074449,0.001756,0.03416
ACATGCTTACGGCAGC-1,0.000166,0.000166,0.000166,0.000166,0.407224,0.591945,0.000166
ACATGGCGCCAAAGTA-1,0.000045,0.000045,0.000045,0.003241,0.592897,0.332953,0.070773
ACATGGCTCAATTTAG-1,0.003573,0.003572,0.003573,0.003573,0.014291,0.967846,0.003572
ACATTAGTTTATATCC-1,0.000565,0.000565,0.143008,0.000565,0.002261,0.852471,0.000565
ACATTCGCGCGGAATA-1,0.000083,0.000083,0.000083,0.000083,0.376502,0.623082,0.000083
ACATTTGAAACCTAAC-1,0.000014,0.000014,0.000014,0.000014,0.94396,0.012021,0.043965
ACCAACACCACACACT-1,0.001235,0.001235,0.087508,0.001235,0.242941,0.664611,0.001235
ACCAACCGCACTCCAC-1,0.000039,0.000039,0.02085,0.000039,0.66783,0.258807,0.052397
ACCAACGCTTATTTAT-1,0.02148,0.000377,0.000377,0.040741,0.00151,0.75509,0.180424
ACCAAGAACGCGTGTC-1,0.000054,0.000054,0.999512,0.000054,0.000217,0.000054,0.000054
ACCAAGTCATCGGCAG-1,0.000037,0.000037,0.000037,0.000037,0.769847,0.128032,0.101973
ACCAATATGCAAGTTA-1,0.043428,0.000122,0.078847,0.000122,0.467052,0.410308,0.000122
ACCACAACTCAGAACA-1,0.000096,0.000096,0.000096,0.037532,0.0892,0.584914,0.288066
ACCACAAGTTTCTATC-1,0.000238,0.000238,0.050105,0.044314,0.000953,0.903914,0.000238
ACCACACGGTTGATGG-1,0.000063,0.000063,0.000063,0.029981,0.76397,0.026366,0.179494
ACCACCAATGTAACAA-1,0.019276,0.000021,0.000021,0.000021,0.827964,0.13654,0.016158
ACCACGTGCAGCTATA-1,0.000453,0.000453,0.000453,0.000453,0.301022,0.696715,0.000453
ACCACTGTTCAAGAAG-1,0.139814,0.001205,0.486093,0.365657,0.004821,0.001205,0.001205
ACCAGACCATAACAAC-1,0.00013,0.00013,0.19305,0.325751,0.17668,0.304128,0.00013
ACCAGCCCGGTCTTTG-1,0.000039,0.000039,0.983508,0.000039,0.008412,0.000039,0.007923
ACCAGGAGTGTGATCT-1,0.000174,0.000174,0.618356,0.128514,0.000696,0.251911,0.000174
ACCAGTGCGGGAGACG-1,0.000092,0.000092,0.000092,0.000092,0.522879,0.474565,0.002187
ACCATATCCGCAATAA-1,0.000535,0.000535,0.000535,0.000535,0.00214,0.995186,0.000535
ACCATCCGCCAACTAG-1,0.000156,0.000156,0.153656,0.089177,0.000624,0.756075,0.000156
ACCATCGTATATGGTA-1,0.000199,0.000199,0.000199,0.000199,0.000795,0.844373,0.154036
ACCATTAAGGGTGTCA-1,0.075086,0.000162,0.857087,0.000162,0.011849,0.055493,0.000162
ACCCAACGCCCGTGGC-1,0.434558,0.000625,0.21703,0.173263,0.002501,0.171398,0.000625
ACCCACCTACATGCTC-1,0.000171,0.000171,0.089382,0.765906,0.000684,0.113451,0.030236
ACCCATCTTGAGGGTA-1,0.000289,0.000289,0.000289,0.107515,0.001156,0.890173,0.000289
ACCCATTTGTCCCTCT-1,0.000098,0.000098,0.000098,0.000098,0.731115,0.124752,0.143742
ACCCGAGCGAAATTAC-1,0.021379,0.000238,0.066838,0.000238,0.445376,0.465693,0.000238
ACCCGATTGGTTCCGA-1,0.000166,0.000166,0.051637,0.000166,0.191278,0.670938,0.08565
ACCCGGAAACTCCCAG-1,0.000123,0.000123,0.000123,0.073995,0.890716,0.02591,0.00901
ACCCGGAGCACCACAA-1,0.000028,0.000028,0.000028,0.011094,0.694672,0.277157,0.016994
ACCCGGATGACGCATC-1,0.00008,0.00008,0.058065,0.00008,0.595506,0.33761,0.00858
ACCCGGTTACACTTCC-1,0.020883,0.000162,0.000162,0.111357,0.009676,0.348661,0.509099
ACCCGTAGCAGAGAAT-1,0.000257,0.000257,0.000257,0.000257,0.291636,0.707079,0.000257
ACCCGTAGTCTAGTTG-1,0.007348,0.000051,0.000051,0.000051,0.787655,0.000051,0.204793
ACCCGTGTCATCAGTA-1,0.104032,0.000457,0.0644,0.091609,0.346118,0.392927,0.000457
ACCCTATAGGACTGAG-1,0.000234,0.000234,0.83234,0.000234,0.038465,0.128258,0.000234
ACCCTATGCCATATCG-1,0.000971,0.000971,0.10163,0.000971,0.003885,0.890601,0.000971
ACCCTCCCGTCAGGGC-1,0.004406,0.000034,0.000034,0.007404,0.882769,0.08972,0.015633
ACCCTCCCTTGCTATT-1,0.027416,0.000075,0.005194,0.051557,0.656162,0.155893,0.103703
ACCCTGGTAACGCCCT-1,0.000042,0.000042,0.018503,0.000042,0.10056,0.127509,0.753302
ACCCTTCATCTGCGAA-1,0.00011,0.00011,0.407525,0.277131,0.013094,0.23097,0.07106
ACCCTTTAGTTCTCCA-1,0.000089,0.000089,0.047469,0.09237,0.228523,0.209739,0.42172
ACCGAAGAGTCTGGTT-1,0.033899,0.000166,0.000166,0.000166,0.434208,0.53123,0.000166
ACCGACACATCTCCCA-1,0.028441,0.000292,0.600732,0.000292,0.137226,0.232726,0.000292
ACCGACTGAGTCCCAC-1,0.000184,0.000184,0.000184,0.000184,0.407105,0.591974,0.000184
ACCGAGTCTCCTTATT-1,0.000043,0.000043,0.000043,0.000043,0.663163,0.265897,0.070767
ACCGATAGGCATAACC-1,0.000027,0.000027,0.038727,0.000027,0.780947,0.114492,0.065752
ACCGATATTTAATCAT-1,0.000014,0.000014,0.000014,0.000014,0.999744,0.000014,0.000185
ACCGATGGTAGCATCG-1,0.000769,0.000769,0.000769,0.00077,0.003078,0.993075,0.000769
ACCGCAATAACTGCCT-1,0.105834,0.000149,0.046104,0.000149,0.369398,0.36054,0.117826
ACCGCGGTGGAAGTCG-1,0.000046,0.000046,0.014433,0.000046,0.627241,0.339256,0.018931
ACCGCTAGTCATTGGT-1,0.000129,0.000129,0.000129,0.000129,0.518964,0.480389,0.000129
ACCGGGCCTTTGTTGA-1,0.000035,0.000035,0.000035,0.000035,0.774128,0.199678,0.026056
ACCGGTCAGGTACACC-1,0.00087,0.00087,0.00087,0.00087,0.003479,0.992172,0.00087
ACCGTCCACTGGGCCC-1,0.000055,0.000055,0.182517,0.000055,0.215209,0.589936,0.012172
ACCGTGACCACGTGGG-1,0.15245,0.00047,0.161397,0.00047,0.1288,0.555943,0.00047
ACCTAAGTACCTTTCA-1,0.000299,0.000299,0.077303,0.000299,0.001198,0.920301,0.000299
ACCTAATCGACTTCCT-1,0.000141,0.000141,0.000141,0.829584,0.129587,0.040265,0.000141
ACCTACAGTATGTGGT-1,0.000074,0.000074,0.000074,0.003901,0.577205,0.408311,0.01036
ACCTACTATAAATCTA-1,0.000078,0.000078,0.074222,0.000078,0.591833,0.317064,0.016647
ACCTCCGCCCTCGCTG-1,0.000072,0.000072,0.000072,0.020051,0.809718,0.148766,0.021247
ACCTCCGTTATTCACC-1,0.000079,0.000079,0.000079,0.006793,0.759505,0.149367,0.0841
ACCTCGAACTTATGCT-1,0.000296,0.000296,0.000296,0.000296,0.550499,0.338099,0.110218
ACCTGCGTGTCATGTT-1,0.080492,0.000239,0.05874,0.000239,0.071167,0.788883,0.000239
ACCTTTCCTTTAGAAG-1,0.022141,0.00009,0.866151,0.009108,0.102332,0.00009,0.00009
ACGAAATGGGCGGCAC-1,0.000129,0.000129,0.120071,0.752233,0.113903,0.013407,0.000129
ACGACCCATGAGTTGC-1,0.000046,0.000046,0.000046,0.000119,0.787494,0.194774,0.017477
ACGACTCTAGGGCCGA-1,0.000021,0.000021,0.000021,0.000021,0.886088,0.055453,0.058377
ACGACTGGTCATACTC-1,0.014904,0.000153,0.000153,0.162303,0.358451,0.463828,0.000207
ACGAGAACCCATCACG-1,0.18255,0.000412,0.544487,0.000412,0.010083,0.261645,0.000412
ACGAGATATTTGCTTA-1,0.000193,0.000193,0.000193,0.000193,0.002957,0.459616,0.536653
ACGAGGATACCACTCT-1,0.000412,0.000412,0.219214,0.000412,0.001647,0.777493,0.000412
ACGAGGTTTACAACGT-1,0.000467,0.000467,0.000467,0.000467,0.301435,0.696228,0.000467
ACGAGTACGGATGCCC-1,0.270569,0.002703,0.287973,0.002703,0.010813,0.422534,0.002703
ACGAGTCGCCGGCGTT-1,0.002501,0.0025,0.697815,0.002501,0.010003,0.28218,0.002501
ACGATACATAGAACTA-1,0.000538,0.000538,0.000538,0.241504,0.002151,0.505139,0.249592
ACGATACCTATCCTGA-1,0.000038,0.000038,0.238747,0.014697,0.494747,0.044878,0.206855
ACGATCATACATAGAG-1,0.00013,0.00013,0.00013,0.00013,0.04917,0.039206,0.911105
ACGATCATCTTGTAAA-1,0.000037,0.000037,0.016811,0.014336,0.815436,0.096793,0.05655
ACGATGCATATGTTAT-1,0.000138,0.000138,0.000138,0.046568,0.35714,0.466811,0.129066
ACGATGGATCCGATGC-1,0.000105,0.000105,0.603937,0.022951,0.138498,0.173578,0.060825
ACGCAAACTAATAGAT-1,0.045585,0.000078,0.028587,0.013676,0.751133,0.150341,0.010599
ACGCAATCACTACAGC-1,0.294337,0.005001,0.005002,0.005001,0.020007,0.66565,0.005002
ACGCATACGTTTACTA-1,0.005963,0.000065,0.000065,0.033048,0.769802,0.153245,0.037811
ACGCATTCGTGAGTAC-1,0.022612,0.000277,0.07446,0.000277,0.499,0.276006,0.127368
ACGCCACTCGAAACAG-1,0.000051,0.000051,0.000051,0.060471,0.687532,0.241465,0.010379
ACGCCAGATGATTTCT-1,0.000037,0.000037,0.000037,0.000037,0.362795,0.000037,0.637021
ACGCCAGTGCGTTTGC-1,0.000038,0.000038,0.000038,0.000038,0.894305,0.07503,0.030515
ACGCCCAGCTGTCGAT-1,0.000035,0.000035,0.999193,0.000035,0.000631,0.000035,0.000035
ACGCCGCTAGACGACC-1,0.0674,0.000592,0.176545,0.000592,0.002368,0.751911,0.000592
ACGCCTGACACGCGCT-1,0.16149,0.000725,0.581378,0.071527,0.183431,0.000725,0.000725
ACGCGAAGTCAGACGA-1,0.000769,0.000769,0.000769,0.000769,0.003078,0.993075,0.00077
ACGCGCTACACAGGGT-1,0.000211,0.000211,0.000211,0.367226,0.000842,0.63109,0.000211
ACGCGGGCCAAGGACA-1,0.000617,0.000617,0.000618,0.000617,0.163691,0.833222,0.000617
ACGCGTTTCTTAAGAG-1,0.000142,0.000142,0.310011,0.359099,0.000567,0.225933,0.104108
ACGCTAGTGATACACT-1,0.000459,0.000459,0.000459,0.291086,0.195693,0.511386,0.000459
ACGCTGTGAGGCGTAG-1,0.00018,0.00018,0.652022,0.078415,0.052111,0.216911,0.00018
ACGCTTAGTGTCTCTC-1,0.000059,0.000059,0.038788,0.014577,0.130586,0.147297,0.668633
ACGGAACACGAGTGCC-1,0.000039,0.000038,0.016575,0.000039,0.684694,0.263017,0.035598
ACGGACGCAGCGACAA-1,0.063068,0.000106,0.059434,0.000106,0.394357,0.482821,0.000106
ACGGACTCTCAAAGCG-1,0.021527,0.000079,0.000079,0.000079,0.855973,0.000079,0.122185
ACGGAGCGCAAATTAC-1,0.171964,0.001887,0.001887,0.145668,0.007549,0.669156,0.001887
ACGGATGGTGCGGATA-1,0.07652,0.000109,0.017797,0.018874,0.432474,0.416811,0.037414
ACGGCACTTGCTTGGG-1,0.00115,0.00115,0.00115,0.00115,0.004599,0.691337,0.299465
ACGGCCAACATGGACT-1,0.000603,0.000602,0.000603,0.18497,0.00241,0.731977,0.078835
ACGGCGACGATGGGAA-1,0.000544,0.000544,0.034634,0.000544,0.002175,0.961017,0.000544
ACGGCGGGTTGCCCTG-1,0.3698,0.000781,0.354129,0.270601,0.003126,0.000781,0.000781
ACGGCTGGATGTAGAA-1,0.000198,0.000198,0.042646,0.000198,0.727798,0.228763,0.000198
ACGGGAGTGTCGGCCC-1,0.000169,0.000169,0.089364,0.000169,0.386302,0.483825,0.040003
ACGGGCGTATGCGACA-1,0.000121,0.000121,0.000121,0.000121,0.181164,0.425015,0.393337
ACGGGTCATGTGACTT-1,0.000134,0.000134,0.791943,0.000134,0.044386,0.163133,0.000134
ACGGGTTGTGACCTGT-1,0.000277,0.000277,0.000277,0.000277,0.182615,0.815999,0.000277
ACGGTACAGTTCAATG-1,0.000026,0.000026,0.000026,0.000026,0.980774,0.006533,0.012587
ACGGTCACCGAGAACA-1,0.000299,0.000299,0.044262,0.000299,0.173942,0.780598,0.000299
ACGTACAGATTTCTCT-1,0.000087,0.000087,0.874725,0.017908,0.062441,0.003451,0.041301
ACGTACTTTGGCACGG-1,0.000361,0.000361,0.023293,0.000361,0.001444,0.973818,0.000361
ACGTAGATTGCTGATG-1,0.183905,0.000353,0.000353,0.000353,0.615505,0.199177,0.000353
ACGTAGGAGAGTCGCT-1,0.00014,0.00014,0.043425,0.018666,0.372929,0.564194,0.000506
ACGTATTACTCCGATC-1,0.000131,0.000131,0.080357,0.000131,0.339598,0.579522,0.000131
ACGTCCTAAACGAGAT-1,0.022744,0.000071,0.764518,0.000071,0.080439,0.010848,0.121309
ACGTCGGGCAACTCGG-1,0.000094,0.000094,0.027703,0.004347,0.540463,0.405124,0.022174
ACGTCTCGTTCCGGGA-1,0.000162,0.000162,0.656376,0.070583,0.000647,0.244631,0.027439
ACGTGACAAAGTAAGT-1,0.000105,0.000105,0.212453,0.000105,0.058614,0.722049,0.006569
ACGTGCGCCTCGTGCA-1,0.000214,0.000214,0.000214,0.367705,0.000855,0.630585,0.000214
ACGTGGTCGAATGTGC-1,0.000064,0.000064,0.857277,0.000064,0.095901,0.000064,0.046566
ACGTTAATGTCGAAGA-1,0.001667,0.001667,0.001667,0.001667,0.006669,0.984996,0.001667
ACGTTAGATTTGCCCG-1,0.000505,0.000505,0.000505,0.000505,0.002021,0.807668,0.18829
ACGTTCACTATGCCGC-1,0.000054,0.000054,0.000054,0.004308,0.862941,0.112391,0.020197
ACGTTCCGCGCTCCGT-1,0.000107,0.000107,0.635817,0.186652,0.000428,0.138223,0.038667
ACGTTCGCAATCAATT-1,0.000066,0.000066,0.014051,0.009528,0.652706,0.259256,0.064327
ACGTTCGTTCAGGAAA-1,0.000645,0.000645,0.046272,0.000645,0.002581,0.948566,0.000645
ACGTTCTGTACAAGTC-1,0.000077,0.000077,0.000077,0.000077,0.759134,0.23502,0.005537
ACGTTGTCGTTGAAAG-1,0.000069,0.000069,0.008359,0.000069,0.445622,0.54406,0.001753
ACGTTTAGTTGTGATC-1,0.000167,0.000167,0.096759,0.241032,0.174195,0.370685,0.116994
ACTAATACGTCAGGCG-1,0.001099,0.001099,0.147305,0.001099,0.469377,0.378921,0.001099
ACTACAAAGAGAGGTG-1,0.000129,0.000129,0.018098,0.000129,0.199949,0.781335,0.000231
ACTACATCCCGACAAG-1,0.000572,0.000571,0.000572,0.000572,0.002286,0.994856,0.000572
ACTACCAGCTCTCTGG-1,0.003275,0.00019,0.050652,0.474008,0.115436,0.356249,0.00019
ACTACCATCCGAGGGC-1,0.000102,0.000102,0.070379,0.000102,0.20766,0.721554,0.000102
ACTACGCGTTAGAATT-1,0.000279,0.000279,0.157048,0.000279,0.086953,0.754884,0.000279
ACTAGTTGCGATCGTC-1,0.000033,0.000033,0.001704,0.003561,0.893559,0.007403,0.093708
ACTATATGCTGTGTTC-1,0.103755,0.000935,0.212194,0.204873,0.003739,0.473569,0.000935
ACTATCCAGGGCATGG-1,0.000028,0.000028,0.002933,0.006998,0.915198,0.041077,0.033738
ACTATCGCCGGCTAAA-1,0.095326,0.000087,0.787502,0.066221,0.046132,0.004645,0.000087
ACTATCTGCCCGCGTA-1,0.000058,0.000058,0.000058,0.000058,0.689713,0.309998,0.000058
ACTATGTCCAGCTGCC-1,0.000562,0.000562,0.000562,0.000562,0.258628,0.738562,0.000562
ACTATTCGTCCGTGGT-1,0.000055,0.000055,0.061187,0.000055,0.352713,0.037953,0.547981
ACTATTTCCGGGCCCA-1,0.000575,0.000575,0.128773,0.000575,0.148839,0.720089,0.000575
ACTCAACGAATGTATT-1,0.000926,0.000926,0.451822,0.156859,0.003705,0.384835,0.000926
ACTCAAGTGCAAGGCT-1,0.000033,0.000033,0.000033,0.000033,0.836332,0.105674,0.05786
ACTCAATAAAGGCACG-1,0.000138,0.000138,0.000138,0.03741,0.000552,0.913662,0.047963
ACTCAGACCTGCTTCT-1,0.019145,0.000216,0.501377,0.455702,0.000864,0.000216,0.02248
ACTCATGGCAGCCTTC-1,0.000128,0.000128,0.000128,0.000128,0.67937,0.31999,0.000128
ACTCCAATATCATCAT-1,0.000641,0.000641,0.099208,0.000641,0.264479,0.633749,0.000641
ACTCCCATTCCTAAAG-1,0.000145,0.000145,0.256633,0.097704,0.148464,0.496763,0.000145
ACTCCCGAATTCGTTT-1,0.022366,0.000036,0.000036,0.000036,0.975054,0.000547,0.001924
ACTCCCTAATGCTAAA-1,0.01798,0.000287,0.013599,0.000287,0.328003,0.639555,0.000287
ACTCCCTAGAATAGTA-1,0.000578,0.000578,0.000578,0.053574,0.025576,0.918538,0.000578
ACTCCGGCCGACCACT-1,0.000033,0.000033,0.000033,0.000033,0.697368,0.280818,0.021682
